-0.000000000000
-50.000000000000
-0.000000000000
49.000000000000
-1.000000000000
49.000000000000
-1.000000000000
-50.000000000000
1.000000000000
-50.000000000000
1.000000000000
49.000000000000
0.004060663219
-48.991040877166
0.020209752292
-47.982995822548
0.047915641459
-46.975299732939
0.086976576539
-45.967877971090
0.137273435699
-44.960932161147
0.198602752119
-43.954598156091
0.270710628519
-42.948988719246
0.353297595362
-41.944189163556
0.446019918430
-40.940281845746
0.548492768820
-39.937330942244
0.660292044490
-38.935384788131
0.780956414804
-37.934475536538
0.909989514166
-36.934618562819
1.046862229528
-35.935812239204
1.191015091152
-34.938037887062
1.341860663596
-33.941260496474
1.498786136107
-32.945428724869
1.661155504228
-31.950478008605
1.828313386959
-30.956324066526
1.999585789754
-29.962875437668
2.174283941320
-28.970027402372
2.351706198419
-27.977667798602
2.531142097366
-26.985670798744
2.711872893003
-25.993910455763
2.893175513487
-25.002255178838
3.074324833583
-24.010571701180
3.254596296078
-23.018727107541
3.433268110422
-22.026593213109
3.609625306011
-21.034040587627
3.782960253183
-20.040952154017
3.952576637062
-19.047217531438
4.117791747932
-18.052736575596
4.277939024984
-17.057421385395
4.432370605715
-16.061198126004
4.580460469217
-15.064004593620
4.721605905510
-14.065798406518
4.855231302636
-13.066549254089
4.980789589600
-12.066246586964
5.097765073100
-11.064897166458
5.205676170427
-10.062521385511
5.304076889804
-9.059159421795
5.392559419051
-8.054866812874
5.470756100509
-7.049713337962
5.538341161520
-6.043782725271
5.595032281617
-5.037172780236
5.640592247156
-4.029990697842
5.674830015324
-3.022354176089
5.697601825569
-2.014387350479
5.708811902199
-1.006220491764
5.708413006101
0.002013199243
5.696406677380
1.010179595650
5.672843229522
2.018145605577
5.637821495139
3.025781173251
5.591488261777
4.032962481100
5.534037559363
5.039572245366
5.465709536120
6.045503774344
5.386789386254
7.050659844831
5.297605683137
8.054957377732
5.198528803682
9.058327299586
5.089969189649
10.060714820315
4.972375364598
11.062080534381
4.846231335041
12.062404833416
4.712055106996
13.061681737173
4.570395944839
14.059922551958
4.421831526782
15.057158309490
4.266966500091
16.053432058573
4.106428684715
17.048806599930
3.940867601672
18.043356282148
3.770951323421
19.037169420552
3.597363919411
20.030346462679
3.420802907322
21.022997970297
3.241976957767
22.015241068296
3.061601913792
23.007205095075
2.880400265881
23.999017997254
2.699097091798
24.990812300965
2.518417852113
25.982720732000
2.339085762700
26.974874188541
2.161819514753
27.967397777186
1.987329315521
28.960416342187
1.816316341540
29.954040925952
1.649468682898
30.948375004078
1.487459432403
31.943508682255
1.330942848080
32.939524788433
1.180553583067
33.936486350379
1.036902869169
34.934443114175
0.900576334571
35.933428450492
0.772131415231
36.933459377749
0.652094967272
37.934535863975
0.540960882064
38.936640896023
0.439187807448
39.939740725267
0.347196967366
40.943785487034
0.265370139346
41.948709602652
0.194047875820
42.954429733372
0.133526461542
43.960861272199
0.084056919894
44.967899375331
0.045840360315
45.975443935056
0.019005379593
46.983424397465
0.003692936828
47.991646668092
-0.500000000000
49.000000000000
-0.994220224688
47.981388227101
-0.978493032970
46.962353564935
-0.951384382451
45.943318345432
-0.912787402447
44.924675526873
-0.862835974772
43.906671062088
-0.801739168511
42.889486324525
-0.729758415280
41.873279213873
-0.647201786482
40.858179036184
-0.554422862744
39.844310752782
-0.451817474073
38.831779486575
-0.339821724479
37.820672732465
-0.218909731606
36.811059876582
-0.089591192105
35.802991465365
0.047591158197
34.796498859275
0.192064191807
33.791594078963
0.343227034810
32.788270437062
0.500453907746
31.786502458266
0.663096540619
30.786248939547
0.830488228325
29.787446373574
1.001944785096
28.790021489798
1.176768579451
27.793885115912
1.354250595896
26.798937980720
1.533674632451
25.805064456233
1.714317939888
24.812146110176
1.895455263083
23.820056154154
2.076361161645
22.828663403725
2.256312649565
21.837834296352
2.434591380478
20.847437258434
2.610487652243
19.857336733915
2.783300854319
18.867406764384
2.952343332018
17.877525338458
3.116942540484
16.887577934544
3.276443425242
15.897459535538
3.430210784553
14.907076466054
3.577632196219
13.916344002219
3.718119268464
12.925194568689
3.851111168999
11.933570080278
3.976075822574
10.941429666038
4.092512481337
9.948747312322
4.199954182775
8.955508314544
4.297968976212
7.961715512577
4.386162245823
6.967385029887
4.464178436433
5.972545322696
4.531702551016
4.977237065492
4.588461507406
3.981513466884
4.634225596330
2.985435825493
4.668809388098
1.989074854753
4.692072706847
0.992506881367
4.703921237088
-0.004186214384
4.704307009230
-1.000919931826
4.693228614934
-1.997608887659
4.670731211005
-2.994168511878
4.636906312425
-3.990516787333
4.591891309621
-4.986577185124
4.535868876531
-5.982278728942
4.469065994111
-6.977559801166
4.391753062749
-7.972366826110
4.304242439923
-8.966658721047
4.206887096449
-9.960406588784
4.100079127462
-10.953593842938
3.984248034718
-11.946217170842
3.859858399069
-12.938290802049
3.727408680038
-13.929840288595
3.587428754263
-14.920906065549
3.440477347278
-15.911545817329
3.287140861173
-16.901826771508
3.128029832729
-17.891833364475
2.963777706539
-18.881659060598
2.795037907608
-19.871408752386
2.622481489124
-20.861196934234
2.446794760352
-21.851145697365
2.268677142751
-22.841381197231
2.088837308973
-23.832039307116
1.907992750954
-24.823252048444
1.726865779067
-25.815153562605
1.546181347104
-26.807875746784
1.366664421079
-27.801546235215
1.189037664500
-28.796284436798
1.014017411399
-29.792207081331
0.842313024507
-30.789414661759
0.674622712545
-31.787997680663
0.511631465908
-32.788030836125
0.354007040349
-33.789579147700
0.202398986264
-34.792685399670
0.057434609935
-35.797376699040
-0.080283448126
-36.803661397028
-0.210180054071
-37.811529148738
-0.331710230746
-38.820950259938
-0.444361810812
-39.831875818167
-0.547657986332
-40.844238014629
-0.641159764974
-41.857950848584
-0.724468307682
-42.872910585127
-0.797227246459
-43.888993565152
-0.859127310774
-44.906071962854
-0.909913092729
-45.923991445526
-0.949380257850
-46.942614087020
-0.977298002245
-47.961900519918
-0.993433816431
-48.981768390400
-0.500000000000
-50.000000000000
0.500000000000
-50.000000000000
1.008074432998
-49.002336945238
1.024475080229
-48.005076498301
1.051853861187
-47.008394158478
1.090448042637
-46.012103781800
1.140146678506
-45.016173150512
1.200757818444
-44.020638882232
1.272038905837
-43.025555302516
1.353703085597
-42.030961078496
1.445420566061
-41.036895952224
1.546821651014
-40.043383905390
1.657498305724
-39.050435185218
1.777005935357
-38.058046015616
1.904865305515
-37.066198111634
2.040564554122
-36.074858556434
2.183561308215
-35.083979838223
2.333284805645
-34.093500633420
2.489138226604
-33.103345857403
2.650500625494
-32.113429800643
2.816730524606
-31.123649684481
2.987166461484
-30.133898164276
3.161130643588
-29.144057286929
3.337930688654
-28.154004290735
3.516863547339
-27.163605391312
3.697215935168
-26.172729295322
3.878268216847
-25.181241682446
4.059296637450
-24.189009158003
4.239575935099
-23.195901271007
4.418381562510
-22.201794887023
4.594993794995
-21.206568192387
4.768698336729
-20.210114300566
4.938790409743
-19.212335576327
5.104577186974
-18.213147166891
5.265380504890
-17.212478995277
5.420539605982
-16.210277565434
5.569414492651
-15.206503482752
5.711387631009
-14.201139642081
5.845867977722
-13.194183386643
5.972292681809
-12.185654176024
6.090130183017
-11.175591046549
6.198883203786
-10.164048816587
6.298090496842
-9.151104173558
6.387329686703
-8.136851097377
6.466219488717
-7.121399595514
6.534421668961
-6.104875253531
6.591642825376
-5.087419195161
6.637636225298
-4.069183174288
6.672203036308
-3.050330501243
6.695193566108
-2.031031736645
6.706508069916
-1.011464171100
6.706097368010
0.008191629257
6.693963121801
1.027754069301
6.670157826219
2.047042729602
6.634784519054
3.065880610003
6.587996141776
4.084097579038
6.529994726819
5.101530886585
6.461030130807
6.118029459649
6.381398806011
7.133452964086
6.291441934570
8.147676697377
6.191543643613
9.160591613987
6.082129037446
10.172104757037
5.963661970107
11.182140503756
5.836642179570
12.190645123050
5.701603559717
13.197580670810
5.559111147741
14.202928761606
5.409758012977
15.206693089563
5.254163576021
16.208891742550
5.092969550301
17.209565022077
4.926838258010
18.208767240223
4.756449262195
19.206569181048
4.582496624433
20.203056281264
4.405686190387
21.198326624135
4.226733156862
22.192487396511
4.046357972231
23.185660556781
3.865285738220
24.177969221026
3.684242090909
25.169543654711
3.503950978150
26.160516897752
3.325132042786
27.151022747516
3.148498384392
28.141191808412
2.974752679505
29.131157018799
2.804586732162
30.121040140585
2.638677557007
31.110957988964
2.477685624881
32.101016642784
2.322251224648
33.091317506728
2.172993885643
34.081944818938
2.030508802243
35.072972121164
1.895364893665
36.064459141053
1.768102476042
37.056451764604
1.649231142319
38.048981276438
1.539227650896
39.042064347676
1.438533920515
40.035703183442
1.347555116398
41.029886027110
1.266657858824
42.024587432852
1.196168515017
43.019766059675
1.136369603299
44.015380657571
1.087495573553
45.011369538097
1.049731524247
46.007654613756
1.023228448579
47.004111267376
1.007856871872
48.000764926429
0.500000000000
49.000000000000
-0.495448874697
-48.986369199397
-0.479408233457
-47.972424400611
-0.451574303288
-46.958946896284
-0.412284983768
-45.945931456753
-0.361727661671
-44.933493909362
-0.300095070312
-43.921785474885
-0.227641078139
-42.910938873102
-0.144669883976
-41.901059984563
-0.051531548357
-40.892251590625
0.051382013922
-39.884597600765
0.163639146287
-38.878165188212
0.284770656667
-37.873004343139
0.414272147042
-36.869147206837
0.551606433723
-35.866607793682
0.696206070154
-34.865381900552
0.847475868165
-33.865447793622
1.004795613894
-32.866766177657
1.167522370659
-31.869283294105
1.334994406030
-30.872924390138
1.506532059779
-29.877606273282
1.681441670147
-28.883231206089
1.859017558983
-27.889692725774
2.038546148005
-26.896869408429
2.219306549737
-25.904638426275
2.400574557986
-24.912870012448
2.581624941841
-23.921431429110
2.761734071838
-22.930188992812
2.940182106860
-21.939012448323
3.116257021088
-20.947768998112
3.289255081016
-19.956336887378
3.458484762783
-18.964599752320
3.623268970061
-17.972450158520
3.782947492650
-16.979791608780
3.936879457985
-15.986540369326
4.084446367951
-14.992623055942
4.225053447893
-13.997984817289
4.358133312818
-13.002581633013
4.483147276820
-12.006388008256
4.599588056645
-11.009394567130
4.706982371760
-10.011604436010
4.804892286321
-9.013039424803
4.892917669038
-8.013735682712
4.970698041814
-7.013742656581
5.037914191665
-6.013122880125
5.094289627424
-5.011952188533
5.139592140516
-4.010315150028
5.173634781787
-3.008306275549
5.196276907083
-2.006026082662
5.207424825186
-1.003580907549
5.207032315757
-0.001079832789
5.195100854527
1.001367187787
5.171679608397
2.003651160917
5.136865200028
3.005665926735
5.090801182804
4.007311228270
5.033677379597
5.008492893860
4.965728833244
6.009126767246
4.887234814420
7.009137488805
4.798517258334
8.008463054501
4.699939296616
9.007054591881
4.591903637011
10.004876557906
4.474850706285
11.001907766129
4.349256189166
11.998145720853
4.215629669469
12.993600420026
4.074512028969
13.988297955597
3.926472739766
14.982282909212
3.772108538854
15.975610639973
3.612039766566
16.968354974279
3.446909002243
17.960600008143
3.277378025706
18.952442507748
3.104125357905
19.943990072114
2.927843795718
20.935359114626
2.749238186078
21.926671314573
2.569021504744
22.918059263455
2.387914368427
23.909652872215
2.206641003301
24.901585338580
2.025927049834
25.893988771767
1.846496929405
26.886992167407
1.669071544189
27.880717442985
1.494364276618
28.875284977444
1.323080396896
29.870800061044
1.155912936198
30.867359141693
0.993540700974
31.865044018604
0.836624335127
32.863927959437
0.685805459129
33.864063162430
0.541702732934
34.865487306561
0.404909557105
35.868220472265
0.275991357432
36.872265192893
0.155483067897
37.877605789490
0.043886613842
38.884208483448
-0.058331497341
39.892021696725
-0.150742480619
40.900976741887
-0.232957398004
41.910988311775
-0.304628960352
42.921952497642
-0.365454410554
43.933763244710
-0.415175512163
44.946291885081
-0.453580463133
45.959405470898
-0.480519440754
46.972970685908
-0.496090963437
47.986912306875
0.504991647548
47.996203411849
0.520243730160
46.993740777584
0.546925862064
45.991501750824
0.584937309368
44.989567909947
0.634126399819
43.988041605544
0.694306751467
42.987005059126
0.765236042912
41.986542421709
0.846624860268
40.986717296810
0.938139624428
39.987592345771
1.039405975032
38.989213248262
1.150010536328
37.991610914437
1.269502831939
36.994801179264
1.397397335002
35.998784250736
1.533175612243
35.003544516032
1.676288573897
34.009050514083
1.826158729448
33.015255665047
1.982182647016
32.022098274109
2.143733017433
31.029504636697
2.310162348745
30.037382549854
2.480803643763
29.045633816042
2.654974136923
28.054148171994
2.831977128915
27.062809084916
3.011105971682
26.071487524807
3.191644568510
25.080055488936
3.372871292683
24.088380478081
3.554061246956
23.096329455503
3.734488885542
22.103770871598
3.913430227560
21.110579043768
4.090166946624
20.116628176299
4.263986932134
19.121805973620
4.434188329237
18.126007981898
4.600081903033
17.129141138309
4.760993670173
16.131125784861
4.916267547047
15.131897497148
5.065268609862
14.131404643470
5.207384671151
13.129616593366
5.342030209488
12.126515935886
5.468647931676
11.122106181663
5.586711751001
10.116409281787
5.695729666488
9.109461909881
5.795245367820
8.101321603549
5.884840969040
7.092062275549
5.964139114920
6.081773039726
6.032804835191
5.070557855589
6.090547224817
4.058535584980
6.137121212130
3.045835203180
6.172328709081
2.032596831175
6.196019807925
1.018967554190
6.208093543865
0.005101017387
6.208498497233
-1.008845903246
6.197233066164
-2.022715225223
6.174345473330
-3.036349944572
6.139933506213
-4.049596163026
6.094143932643
-5.062306421335
6.037171744775
-6.074340110565
5.969258983601
-7.085567662605
5.890693590047
-8.095869528768
5.801807658616
-9.105140982486
5.702975762469
-10.113292075072
5.594613107241
-11.120248007550
5.477173432618
-12.125950322759
5.351146297548
-13.130361410401
5.217055464678
-14.133458381872
5.075456036882
-15.135236810097
4.926931490069
-16.135713226541
4.772092099033
-17.134917436053
4.611571030934
-18.132900318457
4.446022757895
-19.129725633175
4.276119808193
-20.125472477800
4.102550120213
-21.120233472035
3.926014414302
-22.114112756088
3.747223830604
-23.107222452128
3.566895898449
-24.099688330971
3.385753972208
-25.091636204641
3.204523151088
-26.083197911812
3.023928069009
-27.074506938911
2.844690277659
-28.065696395076
2.667525994191
-29.056895049721
2.493142181632
-30.048232850100
2.322236062820
-31.039827390976
2.155491133292
-32.031790129329
1.993575338106
-33.024220575714
1.837137324983
-34.017212349493
1.686805788092
-35.010840661419
1.543185761825
-36.005168778768
1.406856562395
-37.000244901552
1.278369325346
-37.996102136319
1.158244747536
-38.992757743891
1.046970832007
-39.990213142775
0.945000738568
-40.988454077516
0.852750733736
-41.987451139132
0.770598311841
-42.987160013160
0.698880627685
-43.987519092924
0.637891825380
-44.988464884177
0.587883297644
-45.989909924209
0.549062787369
-46.991757535673
0.521570607389
-47.993888887217
0.505136413203
-48.996045058244
