0.000000000000
-50.000000000000
0.000000000000
49.000000000000
-1.000000000000
49.000000000000
-1.000000000000
-50.000000000000
1.000000000000
-50.000000000000
1.000000000000
49.000000000000
-0.003692936827
-48.991646668093
-0.019005379590
-47.983424397467
-0.045840360309
-46.975443935060
-0.084056919884
-45.967899375336
-0.133526461527
-44.960861272204
-0.194047875799
-43.954429733378
-0.265370139319
-42.948709602658
-0.347196967332
-41.943785487041
-0.439187807406
-40.939740725274
-0.540960882013
-39.936640896031
-0.652094967212
-38.934535863982
-0.772131415161
-37.933459377756
-0.900576334491
-36.933428450498
-1.036902869077
-35.934443114181
-1.180553582962
-34.936486350384
-1.330942847961
-33.939524788437
-1.487459432269
-32.943508682257
-1.649468682748
-31.948375004078
-1.816316341373
-30.954040925950
-1.987329315336
-29.960416342181
-2.161819514548
-28.967397777177
-2.339085762475
-27.974874188529
-2.518417851870
-26.982720731984
-2.699097091536
-25.990812300945
-2.880400265601
-24.999017997231
-3.061601913495
-24.007205095049
-3.241976957456
-23.015241068266
-3.420802906999
-22.022997970265
-3.597363919079
-21.030346462646
-3.770951323083
-20.037169420518
-3.940867601332
-19.043356282114
-4.106428684374
-18.048806599897
-4.266966499752
-17.053432058540
-4.421831526447
-16.057158309458
-4.570395944511
-15.059922551927
-4.712055106679
-14.061681737145
-4.846231334736
-13.062404833390
-4.972375364308
-12.062080534358
-5.089969189375
-11.060714820294
-5.198528803426
-10.058327299568
-5.297605682901
-9.054957377716
-5.386789386039
-8.050659844818
-5.465709535927
-7.045503774333
-5.534037559191
-6.039572245357
-5.591488261626
-5.032962481092
-5.637821495008
-4.025781173245
-5.672843229411
-3.018145605571
-5.696406677288
-2.010179595645
-5.708413006028
-1.002013199239
-5.708811902144
0.006220491768
-5.697601825531
1.014387350483
-5.674830015303
2.022354176093
-5.640592247151
3.029990697847
-5.595032281627
4.037172780241
-5.538341161544
5.043782725277
-5.470756100547
6.049713337969
-5.392559419102
7.054866812882
-5.304076889866
8.059159421804
-5.205676170500
9.062521385521
-5.097765073183
10.064897166469
-4.980789589692
11.066246586976
-4.855231302736
12.066549254103
-4.721605905618
13.065798406532
-4.580460469332
14.064004593635
-4.432370605836
15.061198126020
-4.277939025109
16.057421385412
-4.117791748062
17.052736575614
-3.952576637194
18.047217531456
-3.782960253318
19.040952154035
-3.609625306147
20.034040587645
-3.433268110558
21.026593213128
-3.254596296213
22.018727107559
-3.074324833716
23.010571701198
-2.893175513618
24.002255178855
-2.711872893130
24.993910455780
-2.531142097490
25.985670798760
-2.351706198539
26.977667798618
-2.174283941435
27.970027402387
-1.999585789863
28.962875437682
-1.828313387063
29.956324066538
-1.661155504325
30.950478008617
-1.498786136197
31.945428724880
-1.341860663680
32.941260496484
-1.191015091229
33.938037887071
-1.046862229597
34.935812239212
-0.909989514229
35.934618562826
-0.780956414859
36.934475536543
-0.660292044538
37.935384788135
-0.548492768861
38.937330942248
-0.446019918464
39.940281845749
-0.353297595390
40.944189163558
-0.270710628541
41.948988719247
-0.198602752136
42.954598156092
-0.137273435711
43.960932161147
-0.086976576547
44.967877971091
-0.047915641463
45.975299732939
-0.020209752294
46.982995822548
-0.004060663220
47.991040877166
-0.500000000000
49.000000000000
-1.008074432999
48.002336945239
-1.024475080231
47.005076498303
-1.051853861192
46.008394158481
-1.090448042645
45.012103781804
-1.140146678518
44.016173150517
-1.200757818461
43.020638882238
-1.272038905859
42.025555302523
-1.353703085625
41.030961078504
-1.445420566095
40.036895952233
-1.546821651055
39.043383905400
-1.657498305772
38.050435185229
-1.777005935411
37.058046015629
-1.904865305576
36.066198111647
-2.040564554190
35.074858556448
-2.183561308290
34.083979838238
-2.333284805728
33.093500633436
-2.489138226694
32.103345857420
-2.650500625590
31.113429800661
-2.816730524709
30.123649684500
-2.987166461592
29.133898164296
-3.161130643702
28.144057286949
-3.337930688773
27.154004290755
-3.516863547462
26.163605391332
-3.697215935294
25.172729295342
-3.878268216977
24.181241682467
-4.059296637582
23.189009158023
-4.239575935233
22.195901271027
-4.418381562645
21.201794887042
-4.594993795130
20.206568192405
-4.768698336864
19.210114300583
-4.938790409876
18.212335576343
-5.104577187104
17.213147166905
-5.265380505016
16.212478995289
-5.420539606104
15.210277565445
-5.569414492766
14.206503482761
-5.711387631118
13.201139642088
-5.845867977824
12.194183386648
-5.972292681902
11.185654176027
-6.090130183101
10.175591046551
-6.198883203860
9.164048816587
-6.298090496905
8.151104173556
-6.387329686754
7.136851097373
-6.466219488755
6.121399595508
-6.534421668986
5.104875253523
-6.591642825386
4.087419195152
-6.637636225293
3.069183174277
-6.672203036288
2.050330501232
-6.695193566071
1.031031736633
-6.706508069861
0.011464171087
-6.706097367937
-1.008191629270
-6.693963121709
-2.027754069314
-6.670157826107
-3.047042729616
-6.634784518922
-4.065880610016
-6.587996141623
-5.084097579050
-6.529994726645
-6.101530886596
-6.461030130612
-7.118029459659
-6.381398805794
-8.133452964094
-6.291441934333
-9.147676697382
-6.191543643356
-10.160591613988
-6.082129037171
-11.172104757033
-5.963661969816
-12.182140503747
-5.836642179264
-13.190645123037
-5.701603559399
-14.197580670792
-5.559111147414
-15.202928761584
-5.409758012642
-16.206693089536
-5.254163575683
-17.208891742521
-5.092969549960
-18.209565022044
-4.926838257671
-19.208767240188
-4.756449261859
-20.206569181010
-4.582496624103
-21.203056281224
-4.405686190066
-22.198326624094
-4.226733156554
-23.192487396469
-4.046357971937
-24.185660556740
-3.865285737943
-25.177969220987
-3.684242090650
-26.169543654674
-3.503950977910
-27.160516897718
-3.325132042565
-28.151022747486
-3.148498384190
-29.141191808384
-2.974752679323
-30.131157018775
-2.804586731997
-31.121040140565
-2.638677556860
-32.110957988947
-2.477685624749
-33.101016642770
-2.322251224532
-34.091317506717
-2.172993885540
-35.081944818929
-2.030508802153
-36.072972121158
-1.895364893586
-37.064459141048
-1.768102475973
-38.056451764601
-1.649231142261
-39.048981276436
-1.539227650846
-40.042064347675
-1.438533920474
-41.035703183441
-1.347555116364
-42.029886027110
-1.266657858798
-43.024587432852
-1.196168514997
-44.019766059675
-1.136369603284
-45.015380657570
-1.087495573544
-46.011369538097
-1.049731524241
-47.007654613756
-1.023228448577
-48.004111267376
-1.007856871872
-49.000764926429
-0.500000000000
-50.000000000000
0.500000000000
-50.000000000000
0.994220224690
-48.981388227104
0.978493032974
-47.962353564940
0.951384382458
-46.943318345439
0.912787402459
-45.924675526882
0.862835974788
-44.906671062098
0.801739168533
-43.889486324537
0.729758415309
-42.873279213886
0.647201786518
-41.858179036198
0.554422862787
-40.844310752797
0.451817474125
-39.831779486591
0.339821724541
-38.820672732482
0.218909731678
-37.811059876599
0.089591192188
-36.802991465382
-0.047591158103
-35.796498859293
-0.192064191700
-34.791594078981
-0.343227034689
-33.788270437080
-0.500453907609
-32.786502458284
-0.663096540465
-31.786248939564
-0.830488228154
-30.787446373589
-1.001944784907
-29.790021489812
-1.176768579243
-28.793885115922
-1.354250595669
-27.798937980726
-1.533674632204
-26.805064456235
-1.714317939623
-25.812146110174
-1.895455262801
-24.820056154147
-2.076361161347
-23.828663403714
-2.256312649253
-22.837834296336
-2.434591380154
-21.847437258413
-2.610487651910
-20.857336733889
-2.783300853980
-19.867406764355
-2.952343331678
-18.877525338426
-3.116942540144
-17.887577934509
-3.276443424905
-16.897459535502
-3.430210784220
-15.907076466016
-3.577632195893
-14.916344002180
-3.718119268148
-13.925194568650
-3.851111168696
-12.933570080239
-3.976075822286
-11.941429665999
-4.092512481065
-10.948747312284
-4.199954182521
-9.955508314508
-4.297968975978
-8.961715512542
-4.386162245610
-7.967385029853
-4.464178436241
-6.972545322664
-4.531702550844
-5.977237065462
-4.588461507255
-4.981513466856
-4.634225596199
-3.985435825466
-4.668809387987
-2.989074854728
-4.692072706756
-1.992506881343
-4.703921237015
-0.995813785593
-4.704307009174
0.000919931848
-4.693228614896
0.997608887680
-4.670731210983
1.994168511899
-4.636906312419
2.990516787353
-4.591891309630
3.986577185144
-4.535868876554
4.982278728962
-4.469065994147
5.977559801186
-4.391753062798
6.972366826130
-4.304242439984
7.966658721067
-4.206887096521
8.960406588805
-4.100079127544
9.953593842959
-3.984248034809
10.946217170863
-3.859858399168
11.938290802070
-3.727408680145
12.929840288616
-3.587428754377
13.920906065571
-3.440477347397
14.911545817351
-3.287140861298
15.901826771529
-3.128029832858
16.891833364496
-2.963777706671
17.881659060619
-2.795037907742
18.871408752406
-2.622481489259
19.861196934253
-2.446794760487
20.851145697383
-2.268677142886
21.841381197248
-2.088837309106
22.832039307132
-1.907992751085
23.823252048459
-1.726865779195
24.815153562619
-1.546181347229
25.807875746796
-1.366664421199
26.801546235226
-1.189037664615
27.796284436807
-1.014017411510
28.792207081339
-0.842313024611
29.789414661766
-0.674622712644
30.787997680668
-0.511631465999
31.788030836129
-0.354007040434
32.789579147703
-0.202398986342
33.792685399672
-0.057434610005
34.797376699040
0.080283448063
35.803661397027
0.210180054015
36.811529148736
0.331710230697
37.820950259935
0.444361810770
38.831875818163
0.547657986297
39.844238014625
0.641159764946
40.857950848580
0.724468307660
41.872910585123
0.797227246442
42.888993565148
0.859127310762
43.906071962850
0.909913092720
44.923991445523
0.949380257846
45.942614087017
0.977298002243
46.961900519916
0.993433816430
47.981768390399
0.500000000000
49.000000000000
-0.504991647547
-48.996203411849
-0.520243730158
-47.993740777585
-0.546925862058
-46.991501750825
-0.584937309358
-45.989567909949
-0.634126399804
-44.988041605546
-0.694306751447
-43.987005059129
-0.765236042885
-42.986542421712
-0.846624860234
-41.986717296813
-0.938139624386
-40.987592345775
-1.039405974982
-39.989213248265
-1.150010536269
-38.991610914439
-1.269502831870
-37.994801179266
-1.397397334922
-36.998784250737
-1.533175612152
-36.003544516032
-1.676288573793
-35.009050514081
-1.826158729330
-34.015255665044
-1.982182646884
-33.022098274104
-2.143733017284
-32.029504636689
-2.310162348579
-31.037382549843
-2.480803643579
-30.045633816028
-2.654974136720
-29.054148171976
-2.831977128693
-28.062809084894
-3.011105971440
-27.071487524783
-3.191644568250
-26.080055488908
-3.372871292404
-25.088380478050
-3.554061246661
-24.096329455469
-3.734488885232
-23.103770871562
-3.913430227237
-22.110579043731
-4.090166946293
-21.116628176263
-4.263986931797
-20.121805973584
-4.434188328897
-19.126007981864
-4.600081902692
-18.129141138276
-4.760993669834
-17.131125784830
-4.916267546712
-16.131897497118
-5.065268609534
-15.131404643444
-5.207384670833
-14.129616593343
-5.342030209182
-13.126515935867
-5.468647931385
-12.122106181647
-5.586711750726
-11.116409281775
-5.695729666232
-10.109461909873
-5.795245367583
-9.101321603544
-5.884840968825
-8.092062275546
-5.964139114726
-7.081773039725
-6.032804835018
-6.070557855590
-6.090547224665
-5.058535584982
-6.137121211999
-4.045835203184
-6.172328708970
-3.032596831179
-6.196019807833
-2.018967554194
-6.208093543792
-1.005101017391
-6.208498497178
0.008845903242
-6.197233066127
1.022715225218
-6.174345473309
2.036349944568
-6.139933506208
3.049596163023
-6.094143932653
4.062306421333
-6.037171744800
5.074340110565
-5.969258983639
6.085567662605
-5.890693590098
7.095869528770
-5.801807658678
8.105140982489
-5.702975762542
9.113292075077
-5.594613107324
10.120248007556
-5.477173432711
11.125950322766
-5.351146297649
12.130361410410
-5.217055464786
13.133458381883
-5.075456036997
14.135236810109
-4.926931490191
15.135713226554
-4.772092099159
16.134917436068
-4.611571031064
17.132900318473
-4.446022758027
18.129725633192
-4.276119808328
19.125472477818
-4.102550120348
20.120233472054
-3.926014414437
21.114112756106
-3.747223830738
22.107222452147
-3.566895898582
23.099688330990
-3.385753972339
24.091636204660
-3.204523151215
25.083197911831
-3.023928069132
26.074506938929
-2.844690277778
27.065696395094
-2.667525994305
28.056895049738
-2.493142181741
29.048232850117
-2.322236062923
30.039827390991
-2.155491133389
31.031790129344
-1.993575338197
32.024220575728
-1.837137325067
33.017212349506
-1.686805788168
34.010840661431
-1.543185761894
35.005168778778
-1.406856562457
36.000244901562
-1.278369325401
36.996102136328
-1.158244747584
37.992757743899
-1.046970832048
38.990213142782
-0.945000738601
39.988454077522
-0.852750733763
40.987451139137
-0.770598311863
41.987160013164
-0.698880627701
42.987519092928
-0.637891825392
43.988464884179
-0.587883297652
44.989909924211
-0.549062787373
45.991757535674
-0.521570607391
46.993888887218
-0.505136413204
47.996045058245
0.495448874696
47.986369199396
0.479408233455
46.972424400610
0.451574303284
45.958946896282
0.412284983760
44.945931456752
0.361727661659
43.933493909361
0.300095070296
42.921785474884
0.227641078117
41.910938873100
0.144669883948
40.901059984563
0.051531548323
39.892251590625
-0.051382013963
38.884597600765
-0.163639146335
37.878165188213
-0.284770656722
36.873004343140
-0.414272147104
35.869147206839
-0.551606433793
34.866607793685
-0.696206070231
33.865381900557
-0.847475868250
32.865447793628
-1.004795613985
31.866766177664
-1.167522370757
30.869283294113
-1.334994406134
29.872924390148
-1.506532059889
28.877606273293
-1.681441670262
27.883231206101
-1.859017559103
26.889692725787
-2.038546148129
25.896869408443
-2.219306549865
24.904638426290
-2.400574558117
23.912870012464
-2.581624941974
22.921431429127
-2.761734071973
21.930188992829
-2.940182106995
20.939012448341
-3.116257021223
19.947768998130
-3.289255081150
18.956336887397
-3.458484762915
17.964599752340
-3.623268970191
16.972450158540
-3.782947492776
15.979791608799
-3.936879458105
14.986540369344
-4.084446368065
13.992623055960
-4.225053448000
12.997984817307
-4.358133312918
12.002581633030
-4.483147276911
11.006388008273
-4.599588056727
10.009394567145
-4.706982371833
9.011604436025
-4.804892286383
8.013039424818
-4.892917669088
7.013735682726
-4.970698041851
6.013742656595
-5.037914191689
5.013122880138
-5.094289627434
4.011952188546
-5.139592140511
3.010315150040
-5.173634781766
2.008306275561
-5.196276907045
1.006026082675
-5.207424825131
0.003580907562
-5.207032315684
-0.998920167197
-5.195100854435
-2.001367187772
-5.171679608286
-3.003651160902
-5.136865199897
-4.005665926718
-5.090801182653
-5.007311228252
-5.033677379425
-6.008492893840
-4.965728833052
-7.009126767224
-4.887234814206
-8.009137488782
-4.798517258099
-9.008463054476
-4.699939296361
-10.007054591853
-4.591903636738
-11.004876557877
-4.474850705995
-12.001907766098
-4.349256188862
-12.998145720820
-4.215629669152
-13.993600419992
-4.074512028642
-14.988297955562
-3.926472739432
-15.982282909177
-3.772108538516
-16.975610639939
-3.612039766225
-17.968354974245
-3.446909001902
-18.960600008110
-3.277378025368
-19.952442507716
-3.104125357572
-20.943990072084
-2.927843795394
-21.935359114599
-2.749238185765
-22.926671314550
-2.569021504446
-23.918059263436
-2.387914368145
-24.909652872200
-2.206641003037
-25.901585338569
-2.025927049589
-26.893988771760
-1.846496929179
-27.886992167404
-1.669071543983
-28.880717442986
-1.494364276430
-29.875284977448
-1.323080396727
-30.870800061051
-1.155912936047
-31.867359141702
-0.993540700839
-32.865044018613
-0.836624335007
-33.863927959448
-0.685805459023
-34.864063162442
-0.541702732841
-35.865487306573
-0.404909557024
-36.868220472277
-0.275991357361
-37.872265192905
-0.155483067836
-38.877605789502
-0.043886613791
-39.884208483459
0.058331497384
-40.892021696736
0.150742480654
-41.900976741897
0.232957398032
-42.910988311785
0.304628960374
-43.921952497651
0.365454410570
-44.933763244717
0.415175512174
-45.946291885087
0.453580463140
-46.959405470903
0.480519440757
-47.972970685911
0.496090963438
-48.986912306876
