0.000000000000
-50.000000000000
0.000000000000
49.000000000000
-1.000000000000
49.000000000000
-1.000000000000
-50.000000000000
1.000000000000
-50.000000000000
1.000000000000
49.000000000000
0.005531428524
-48.992530241252
0.025418959325
-47.986581430148
0.058388389843
-46.981155161236
0.103675071740
-45.976081227608
0.160604009180
-44.971578656903
0.228353823342
-43.967756874578
0.306008887793
-42.964672361519
0.392571645138
-41.962329853159
0.486971463405
-40.960710209641
0.588075493904
-39.959758695585
0.694698114354
-38.959391413655
0.805610655429
-37.959499745658
0.919551288805
-36.959955107446
1.035234996543
-35.960614472726
1.151363612272
-34.961326285840
1.266635835560
-33.961937150477
1.379757371933
-32.962297600300
1.489450741030
-31.962270592368
1.594466129271
-30.961729744718
1.693590107501
-29.960575929244
1.785656311722
-28.958734216012
1.869554724300
-27.956161703707
1.944241777379
-26.952842004579
2.008748474732
-25.948798449346
2.062189718490
-24.944086735825
2.103772270148
-23.938795870213
2.132802208634
-22.933045911489
2.148691561309
-21.926986950360
2.150964164195
-20.920786575430
2.139260182926
-19.914636342037
2.113339841165
-18.908738082151
2.073085759658
-17.903299127029
2.018504099582
-16.898525824156
1.949724456453
-15.894616966600
1.866998159762
-14.891753309905
1.770696151249
-13.890098418296
1.661304451681
-12.889784333576
1.539419900933
-11.890913839205
1.405744079850
-10.893553792518
1.261076045024
-9.897728666221
1.106305726339
-8.903425369794
0.942405383334
-7.910589073473
0.770421001038
-6.919123885733
0.591463520129
-5.928895848965
0.406699965171
-4.939737750716
0.217343558738
-3.951450489796
0.024644791713
-2.963811273898
-0.170118496231
-1.976577660140
-0.365650351201
-0.989496000821
-0.560646505249
-0.002307518667
-0.753803955134
0.985244216659
-0.943830548699
1.973405802252
-1.129454604877
2.962406841229
-1.309434762342
3.952454499377
-1.482569295960
4.943725982306
-1.647706068147
5.936365699814
-1.803751513279
6.930478506290
-1.949680435346
7.926129995899
-2.084544745558
8.923343506928
-2.207481973977
9.922099060675
-2.317723448049
10.922334684330
-2.414602140949
11.923952603366
-2.497558639219
12.926816349657
-2.566147345580
13.930759073912
-2.620041315137
14.935591886878
-2.659035385029
15.941103026637
-2.683048978701
16.947073387027
-2.692126845115
17.953276535261
-2.686438977310
18.959489756152
-2.666279017293
19.965500822229
-2.632061424096
20.971114340384
-2.584317537964
21.976156060277
-2.523690047597
22.980485776250
-2.450927393744
23.983989806313
-2.366876351987
24.986592224652
-2.272474339071
25.988254394920
-2.168740990860
26.988975601493
-2.056769464912
27.988790410358
-1.937716281921
28.987774271793
-1.812793061005
29.986028647416
-1.683255846878
30.983684878694
-1.550395709902
31.980894869347
-1.415527750583
32.977832789585
-1.279982565951
33.974677380832
-1.145095187907
34.971612791555
-1.012195319933
35.968819429971
-0.882597197898
36.966467795903
-0.757589604609
37.964711662314
-0.638425860048
38.963682297880
-0.526313900983
39.963483334186
-0.422406469323
40.964186645587
-0.327791511924
41.965828760125
-0.243482934729
42.968405461868
-0.170409901857
43.971884666987
-0.109408428424
44.976179713747
-0.061209277480
45.981148926101
-0.026384897420
46.986538236197
-0.005591954955
47.992494231708
-0.500000000000
49.000000000000
-1.011405079619
48.007041489443
-1.032464809930
47.014231646102
-1.066715008315
46.021918621354
-1.114149677692
45.029806166905
-1.174227552133
44.037781643552
-1.246255580415
43.045810630417
-1.329435223545
42.053866133483
-1.422875651883
41.061889243790
-1.525601305192
40.069805428578
-1.636561469730
39.077509555835
-1.754638313415
38.084870964723
-1.878655367257
37.091737155884
-2.007386350039
36.097938038620
-2.139564263206
35.103291137902
-2.273890760179
34.107607396237
-2.409045691953
33.110697974730
-2.543697019971
32.112380378745
-2.676510568879
31.112487540787
-2.806161294719
30.110866883261
-2.931342232030
29.107397923957
-3.050776099120
28.101990421336
-3.163225485587
27.094593527891
-3.267504455547
26.085191646104
-3.362487877658
25.073819069060
-3.447122726391
24.060553955966
-3.520437980127
23.045520511807
-3.581554252546
22.028887778856
-3.629692676763
21.010869439239
-3.664183417122
19.991711708596
-3.684472294215
18.971700061380
-3.690127166560
17.951145257336
-3.680842558628
16.930377963867
-3.656442983838
15.909741266995
-3.616884813008
14.889582713371
-3.562256385724
13.870242028673
-3.492777114575
12.852049990586
-3.408794239185
11.835311653938
-3.310779111065
10.820306178193
-3.199321547136
9.807277453245
-3.075122656954
8.796424858419
-2.938987818020
7.787905424483
-2.791817644870
6.781826927415
-2.634598599318
5.778246017711
-2.468393256605
4.777168841564
-2.294330381623
3.778553694011
-2.113594001191
2.782310447633
-1.927413406075
1.788307140334
-1.737052306392
0.796372665050
-1.543798788972
-0.193695796696
-1.348954916011
-1.182127407015
-1.153826749049
-2.169170566465
-0.959714613564
-3.155085474994
-0.767903578585
-4.140136699043
-0.579653927048
-5.124587128193
-0.396192392727
-6.108689549880
-0.218702906500
-7.092682592506
-0.048318499157
-8.076782485078
0.113887591426
-9.061181563324
0.266909685643
-10.046043272737
0.409817236769
-11.031498890559
0.541762186409
-12.017646446512
0.661986233708
-13.004554344882
0.769826226732
-13.992255938982
0.864720254459
-14.980755165862
0.946212666545
-15.970032268261
1.013957459284
-16.960040557493
1.067722055093
-17.950719512731
1.107388938192
-18.941992784159
1.132957054971
-19.933777355881
1.144541869694
-20.925988812205
1.142374406707
-21.918546522482
1.126799335304
-22.911377169323
1.098271844736
-23.904427161096
1.057353968425
-24.897655163705
1.004709675627
-25.891043547443
0.941099338281
-26.884598538637
0.867373444410
-27.878351716936
0.784465853123
-28.872358458439
0.693385658754
-29.866704732786
0.595210249539
-30.861493595774
0.491076269789
-31.856850366832
0.382171307727
-32.852914630566
0.269724021161
-33.849843153966
0.154996071848
-34.847793277290
0.039271722972
-35.846924644779
-0.076151715388
-36.847390745359
-0.189973980453
-37.849333202002
-0.300902031267
-38.852875173285
-0.407660452524
-39.858115552342
-0.509001974205
-40.865123587939
-0.603718087969
-41.873934312170
-0.690649706143
-42.884544323841
-0.768697947209
-43.896905680120
-0.836837788199
-44.910938458212
-0.894135225498
-45.926506135041
-0.939748648494
-46.943468878825
-0.972814668900
-47.961806789016
-0.992387512092
-48.981477269386
-0.500000000000
-50.000000000000
0.500000000000
-50.000000000000
1.011158669875
-49.006371613143
1.031292251733
-48.012721936211
1.063712633034
-47.019391189116
1.108291421883
-46.026076546980
1.164385862133
-45.032649354096
1.231211844263
-44.039056035090
1.307889486183
-43.045251192085
1.393456526574
-42.051160299267
1.486876408761
-41.056697421440
1.587048139266
-40.061751360157
1.692814690471
-39.066191696494
1.802971811040
-38.069873272304
1.916277154248
-37.072641020732
2.031459667836
-36.074335531325
2.147229251894
-35.074798964377
2.262286592594
-34.073881702559
2.375333331153
-33.071448058342
2.485082106123
-32.067384678216
2.590267838045
-31.061598640277
2.689657062797
-30.054033915102
2.782059389967
-29.044668083137
2.866337706626
-28.033519921060
2.941419294457
-27.020643489419
3.006305069044
-26.006140996704
3.060080039541
-24.990154886331
3.101922409103
-23.972868160974
3.131112138848
-22.954501415344
3.147038609284
-21.935311001080
3.149207366917
-20.915575481955
3.137245438844
-19.895601208084
3.110905628722
-18.875707463965
3.070069247086
-17.856220567308
3.014747429477
-16.837466219721
2.945080989955
-15.819761773553
2.861338439048
-14.803404563718
2.763913414182
-13.788671723103
2.653319442754
-12.775804733532
2.530184871651
-11.765010822389
2.395245796092
-10.756455411798
2.249337693696
-9.750254899967
2.093387684729
-8.746480909973
1.928404782465
-7.745155561322
1.755470104004
-6.746251732960
1.575726960109
-5.749695737056
1.390370925196
-4.755371884989
1.200638991951
-3.763123645754
1.007799838894
-2.772761708769
0.813143260143
-1.784067900280
0.617970472209
-0.796803533703
0.423584049009
0.189284606105
0.231278288115
1.174456868776
0.042329779259
2.158973328749
-0.142011851386
3.143086692133
-0.320533222639
4.127036891343
-0.492065765111
5.111043575066
-0.655494748336
6.095303219874
-0.809767208339
7.079982268846
-0.953900561829
8.065217202996
-1.086990094327
9.051111238276
-1.208216182972
10.037732836007
-1.316851187065
11.025116450989
-1.412266037629
12.013267976751
-1.493935072843
13.002161063362
-1.561441203786
13.991744405905
-1.614479878470
14.981948951054
-1.652861576777
15.972685933694
-1.676514141533
16.963861028610
-1.685483344174
17.955373122192
-1.679932833219
18.947123966759
-1.660142832274
19.939023631410
-1.626507831608
20.930995576748
-1.579533397515
21.922979779384
-1.519831539649
22.914944458421
-1.448116216235
23.906877691088
-1.365197083904
24.898797709486
-1.271973066861
25.890751746232
-1.169425214959
26.882816085489
-1.058609276106
27.875092983398
-0.940646731499
28.867715892455
-0.816717652809
29.860834428575
-0.688050996490
30.854618040914
-0.555916027646
31.849246638824
-0.421611950367
32.844912251318
-0.286459812539
33.841801371933
-0.151791659643
34.840095816961
-0.018940775634
35.839963645664
0.110768669242
36.841553075737
0.236032024788
37.844985769560
0.355574785281
38.850351189903
0.468163299553
39.857701637942
0.572615530975
40.867048347380
0.667811783479
41.878358168550
0.752705461470
42.891548552837
0.826336738902
43.906501365359
0.887849591223
44.923039573822
0.936492918376
45.940983173777
0.971503519358
46.960277423880
0.992053561954
47.980839780083
0.500000000000
49.000000000000
-0.494312003660
-48.986998131517
-0.474682138029
-47.974223242970
-0.441601030274
-46.962374156256
-0.396081407430
-45.951376868702
-0.338909147257
-44.941345872401
-0.270900528766
-43.932426600341
-0.192979676777
-42.924714434138
-0.106158024465
-41.918250575354
-0.011520737558
-40.913048834696
0.089785686217
-39.909083146327
0.196563591433
-38.906293677412
0.307574378713
-37.904591102585
0.421548762945
-36.903861257031
0.537197020896
-35.903970597522
0.653219214310
-34.904772069969
0.768315285793
-33.906111767516
0.881195178449
-32.907834688013
0.990588520293
-31.909793225346
1.095255255989
-30.911845440176
1.193994045002
-29.913871672955
1.285652546620
-28.915771573895
1.369136225420
-27.917472024973
1.443417934095
-26.918921809329
1.507545456384
-25.920104964082
1.560650252866
-24.921033717931
1.601954826386
-23.921749731605
1.630779611292
-22.922322223473
1.646549065669
-21.922847367159
1.648797071686
-20.923436300833
1.637171042297
-19.924222067670
1.611435356615
-18.925346555154
1.571473493185
-17.926956320950
1.517289082416
-16.929196736411
1.449005824777
-15.932206048499
1.366865938113
-14.936105539176
1.271228268441
-13.941000919108
1.162564128341
-12.946968607110
1.041453458704
-11.954058455463
0.908579267035
-10.962287548829
0.764720937154
-9.971634153393
0.610748214613
-8.982042829186
0.447613287286
-7.993420535240
0.276342793064
-7.005637511551
0.098029634962
-6.018530420974
-0.086175347890
-5.031907262871
-0.275072777133
-4.045548816254
-0.467423256012
-3.059216870948
-0.661956960273
-2.072658292270
-0.857382640049
-1.085613472170
-1.052397286842
-0.097822404448
-1.245695683410
0.890967844265
-1.435980064564
1.880995656630
-1.621969915528
2.872477717897
-1.802412095986
3.865603596565
-1.976090519862
4.860528255027
-2.141836554017
5.857369278721
-2.298538510169
6.856200193709
-2.445152009876
7.857050895890
-2.580709318834
8.859904825403
-2.704328471405
9.864698122061
-2.815222058851
10.871321226482
-2.912705675714
11.879625438935
-2.996204417453
12.889420390041
-3.065259572857
13.900482832405
-3.119533871152
14.912565511388
-3.158814904493
15.925396838948
-3.183018158453
16.938697069124
-3.192187828024
17.952178874184
-3.186496722868
18.965559028285
-3.166244534114
19.978565782384
-3.131854755942
20.990945795679
-3.083870398356
22.002468985556
-3.022948030892
23.012941987914
-2.949851664966
24.022201026989
-2.865444786522
25.030123599566
-2.770682063571
26.036628342054
-2.666600316134
27.041675951998
-2.554309214131
28.045266773858
-2.434980547492
29.047446616230
-2.309839425010
30.048291979191
-2.180153136080
31.047914058033
-2.047221355460
32.046449493670
-1.912364843606
33.044062142670
-1.776916704745
34.040925408810
-1.642211221837
35.037223116242
-1.509574096749
36.033140377030
-1.380312422005
37.028857428076
-1.255704911512
38.024542803810
-1.136992206467
39.020347528758
-1.025367363781
40.016399924926
-0.921966542032
41.012801387220
-0.827859999477
42.009622641047
-0.744043620927
43.006898219438
-0.671429369929
44.004639545708
-0.610839500501
45.002811491558
-0.563000318606
46.001346477581
-0.528503339295
47.000127911226
-0.507302510524
47.998818057722
0.494169348607
47.986644346164
0.473611678698
46.973415972389
0.438637898713
45.961106037592
0.390153774169
44.949669959455
0.328844179749
43.939256535232
0.255434345899
42.930047960036
0.170769506085
41.922174952808
0.075794239394
40.915711526385
-0.028460839738
39.910700529300
-0.140891420357
38.907139932955
-0.260329560785
37.904987865481
-0.385553874460
36.904166006280
-0.515299822533
35.904563586254
-0.648270031267
34.906042440388
-0.783144609925
33.908442730001
-0.918591347227
32.911589722863
-1.053275957629
31.915299934480
-1.185871844337
30.919390258767
-1.315071054971
29.923677137739
-1.439592600579
28.927994251997
-1.558193142865
27.932190856100
-1.669675989091
26.936141135931
-1.772901290974
25.939740457752
-1.866793758910
24.942920323787
-1.950352235529
23.945642971470
-2.022657772332
22.947904235187
-2.082881426358
21.949733205502
-2.130291335552
20.951193032357
-2.164259570074
19.952370164074
-2.184267189108
18.953382274688
-2.189909335964
17.954365944352
-2.180898811402
16.955472923517
-2.157068650311
15.956864400802
-2.118373573424
14.958704871168
-2.064890056676
13.961151770233
-1.996815671991
12.964356047280
-1.914466517052
11.968447316759
-1.818274391655
10.973535228389
-1.708782385544
9.979701679501
-1.586639183578
8.986993008183
-1.452593646611
7.995423261531
-1.307487578130
7.004968376348
-1.152248175806
6.015565143043
-0.987880149587
5.027112481763
-0.815457594873
4.039474595841
-0.636114776846
3.052480800193
-0.451037663836
2.065932340664
-0.261454431277
1.079605270802
-0.068626514117
0.093257982350
0.126160961780
-0.893363354037
0.321608619736
-1.880517645931
0.516412342398
-2.868461414897
0.709272877752
-3.857441345180
0.898905771717
-4.847688239750
1.084050831047
-5.839408608059
1.263482368257
-6.832780676697
1.436018532283
-7.827946247919
1.600531675213
-8.825009430958
1.755957754180
-9.824031946583
1.901305674113
-10.825030290076
2.035666485429
-11.827975257416
2.158222537385
-12.832796405553
2.268254649693
-13.839377512780
2.365149933476
-14.847563428421
2.448408371466
-15.857167192509
2.517647483213
-16.867968206849
2.572607217552
-17.879727148173
2.613152297600
-18.892185638794
2.639274065201
-19.905077342903
2.651090606388
-20.918135127179
2.648845522711
-21.931098145005
2.632905391861
-22.943717182299
2.603755757522
-23.955768950732
2.561996203962
-24.967050058619
2.508334054358
-25.977390078181
2.443577217106
-26.986652966501
2.368626173267
-27.994739686318
2.284465441804
-29.001587573679
2.192153683785
-30.007177972064
2.092815018779
-31.011523189220
1.987628413338
-32.014672210548
1.877817934909
-33.016702976787
1.764641684101
-34.017725551236
1.649382765548
-35.017865572134
1.533338219730
-36.017266077667
1.417809095818
-37.016079039226
1.304090295872
-38.014459608627
1.193460647707
-39.012559430040
1.087173052134
-40.010520708993
0.986444801007
-41.008470644804
0.892448074679
-42.006516597194
0.806300711985
-43.004741523797
0.729057449104
-44.003197461898
0.661700130508
-45.001917509104
0.605131350600
-46.000891180721
0.560167758135
-47.000077404469
0.527501518391
-47.999387487533
0.507210562209
-48.998517597767
