0.000000000000
-50.000000000000
0.000000000000
49.000000000000
-1.000000000000
49.000000000000
-1.000000000000
-50.000000000000
1.000000000000
-50.000000000000
1.000000000000
49.000000000000
0.005591957979
-48.992494229583
0.026384903781
-47.986538231519
0.061209286172
-46.981148918795
0.109408436926
-45.976179703683
0.170409906376
-44.971884653971
0.243482930120
-43.968405445496
0.327791491933
-42.965828739797
0.422406426691
-41.964186620257
0.526313827530
-40.963483302701
0.638425746800
-39.963682258951
0.757589441817
-38.964711614446
0.882596975345
-37.966467737317
1.012195027174
-36.968819359094
1.145094814355
-35.971612706810
1.279982100736
-34.974677280680
1.415527182303
-33.977832672364
1.550395026830
-32.980894733375
1.683255037282
-31.983684722195
1.812792113736
-30.986028469132
1.937715186145
-29.987774070358
2.056768210484
-28.988790184969
2.168739568168
-27.988975351967
2.272472738702
-26.988254121861
2.366874564724
-25.986591928261
2.450925409888
-24.983989486916
2.523687857519
-23.980485435348
2.584315133321
-22.976155699003
2.632058797129
-21.971113960922
2.666276161189
-20.965500427829
2.686435885719
-19.959489349533
2.692123512124
-18.953276120015
2.683045398245
-17.947072966414
2.659031551623
-16.941102605229
2.620037226010
-15.935591469506
2.566143000349
-14.930758663982
2.497554040376
-13.926815951111
2.414597294389
-12.923952219023
2.317718360535
-11.922334318257
2.207476653128
-10.922098715188
2.084539200826
-9.923343184648
1.949674678486
-8.926129699394
1.803745559343
-7.930478235989
1.647699937022
-6.936365454563
1.482563009547
-5.943725759902
1.309428342415
-4.952454297685
1.129448071576
-3.962406657634
0.943823922906
-2.973405633903
0.753797257206
-1.985244060419
0.560639755585
-0.997692333251
0.365643568814
-0.010503855672
0.170111699252
0.976577802389
-0.024651585638
1.963811418397
-0.217350333257
2.951450639816
-0.406706704353
3.939737909437
-0.591470208381
4.928896019580
-0.770427623630
5.919124071147
-0.942411925796
6.910589276154
-1.106312174594
7.903425591841
-1.261082385127
8.897728909925
-1.405750297699
9.893554059522
-1.539425983658
10.890914128622
-1.661310387911
11.889784644815
-1.770701930498
12.890098751008
-1.867003771927
13.891753661982
-1.949729892990
14.894617335522
-2.018509353772
15.898526208463
-2.073090825908
16.903299523691
-2.113344714968
17.908738488549
-2.139264860980
18.914636756452
-2.150968643174
19.920786994807
-2.148695838116
20.926987371932
-2.132806280818
21.933046333188
-2.103776135606
22.938796289950
-2.062193373956
23.944087149410
-2.008751915543
24.948798852940
-1.944244999194
25.952842394855
-1.869557724498
26.956162078414
-1.785659087861
27.958734572986
-1.693592657260
28.960576264574
-1.594468453163
29.961730055889
-1.489452842063
30.962270878357
-1.379759254547
31.962297859833
-1.266637506177
32.961937383190
-1.151365079393
33.961326492625
-1.035236271930
34.960614655486
-0.919552384811
35.959955267148
-0.805611583480
36.959499882651
-0.694698886226
37.959391528782
-0.588076122725
38.959758790439
-0.486971963614
39.960710286501
-0.392572031263
40.962329914590
-0.306009174661
41.964672409650
-0.228354026138
42.967756911503
-0.160604143141
43.971578684594
-0.103675151747
44.976081247705
-0.058388430416
45.981155174948
-0.025418973989
46.986581438251
-0.005531429854
47.992530244533
-0.500000000000
49.000000000000
-1.011158676408
48.006371627255
-1.031292272099
47.012721966229
-1.063712678891
46.019391237186
-1.108291506355
45.026076615177
-1.164385999378
44.032649444393
-1.231212048803
43.039056149394
-1.307889773011
42.045251332483
-1.393456910745
41.051160467835
-1.486876904977
40.056697619944
-1.587048761991
39.061751590173
-1.692815454160
38.066191959969
-1.802972728776
37.069873569930
-1.916278237624
36.072641352251
-2.031460929035
35.074335898053
-2.147230704341
34.074799368175
-2.262288247805
33.073882142314
-2.375335197417
32.071448530275
-2.485084190977
31.067385181384
-2.590270146521
30.061599172556
-2.689659598014
29.054034473537
-2.782062152326
28.044668662752
-2.866340694402
27.033520516494
-2.941422506407
26.020644098138
-3.006308502513
25.006141615650
-3.060083689282
23.990155509037
-3.101926271332
22.972868785415
-3.131116210785
21.954502039232
-3.147042888815
20.935311623357
-3.149211850968
19.915576098937
-3.137250124412
18.895601816959
-3.110910512830
17.875708061986
-3.070074325714
16.856221151629
-3.014752697184
15.837466786297
-2.945086441280
14.819762318592
-2.861344066785
13.803405084533
-2.763919208746
12.788672215048
-2.653325394521
11.775805194630
-2.530190969473
10.765011250869
-2.395252027551
9.756455805675
-2.249344045896
8.750255257231
-2.093394144010
7.746481232157
-1.928411334393
6.745155850416
-1.755476734107
5.746251990727
-1.575733653594
4.749695965815
-1.390377666933
3.755372086976
-1.200645766035
2.763123823588
-1.007806629106
1.772761864980
-0.813150049857
0.784068037276
-0.617977243529
-0.203196345790
-0.423590783890
-1.189284499578
-0.231284967598
-2.174456773170
-0.042336383096
-3.158973241053
0.142005343185
-4.143086609448
0.320526830494
-5.127036810597
0.492059508974
-6.111043494542
0.655488648964
-7.095303137175
0.809761286493
-8.079982180643
0.953894836356
-9.065217106198
1.086984579568
-10.051111130390
1.208210889959
-11.037732716042
1.316846124677
-12.025116319732
1.412261213102
-13.013267835267
1.493930492357
-14.002160913079
1.561436872624
-14.991744247688
1.614475798788
-15.981948786097
1.652857748526
-16.972685763669
1.676510562077
-17.963860855571
1.685480008040
-18.955372948861
1.679929735058
-19.947123796930
1.660139966291
-20.939023468292
1.626505191685
-21.930995422158
1.579530977170
-22.922979635595
1.519829331239
-23.914944326170
1.448114212077
-24.906877571166
1.365195274938
-25.898797603427
1.271971443748
-26.890751654325
1.169423769137
-27.882816008057
1.058607998506
-28.875092920452
0.940645612717
-29.867715843579
0.816716682934
-30.860834392226
0.688050165144
-31.854618015525
0.555915323993
-32.849246622349
0.421611363110
-33.844912241875
0.286459330292
-34.841801368371
0.151791271124
-35.840095818127
0.018940469991
-36.839963650364
-0.110768902732
-37.841553082308
-0.236032196677
-38.844985776401
-0.355574905830
-39.850351196092
-0.468163378571
-40.857701642627
-0.572615577660
-41.867048350007
-0.667811806283
-42.878358168567
-0.752705467791
-43.891548550231
-0.826336735119
-44.906501360738
-0.887849582676
-45.923039567877
-0.936492909025
-46.940983167504
-0.971503511896
-47.960277418540
-0.992053557677
-48.980839776991
-0.500000000000
-50.000000000000
0.500000000000
-50.000000000000
1.011405081412
-49.007041488073
1.032464814566
-48.014231641938
1.066715014925
-47.021918612852
1.114149683934
-46.029806152548
1.174227554442
-45.037781621838
1.246255573895
-44.045810599720
1.329435202143
-43.053866092114
1.422875608612
-42.061889189935
1.525601232119
-41.069805360127
1.636561358111
-40.077509470604
1.754638153731
-39.084870860629
1.878655149553
-38.091737031070
2.007386064009
-37.097937891244
2.139563898305
-36.103290966120
2.273890305430
-35.107607197889
2.409045135860
-34.110697747756
2.543696350700
-33.112380121568
2.676509774585
-32.112487252035
2.806160363792
-31.110866561638
2.931341153393
-30.107397568900
3.050774862309
-29.101990032910
3.163224080685
-28.094593106566
3.267502872516
-27.085191192442
3.362486106600
-26.073818582319
3.447120757498
-25.060553436827
3.520435803185
-24.045519962177
3.581551859079
-23.028887201912
3.629690058782
-22.010868837728
3.664180567310
-20.991711084999
3.684469205996
-19.971699420181
3.690123833151
-18.951144600889
3.680838974538
-17.930377296737
3.656439144120
-16.909740596035
3.616880714177
-15.889582043905
3.562252028011
-14.870241368042
3.492772500225
-13.852049346135
3.408789374548
-12.835311029601
3.310774003104
-11.820305577822
3.199316204558
-10.807276882482
3.075117090064
-9.796424322455
2.938982039295
-8.787904927645
2.791811669863
-7.781826474271
2.634592448503
-6.778245609174
2.468386951839
-5.777168476148
2.294323945805
-4.778553369157
2.113587454733
-3.782310161391
1.927406770270
-2.788306889440
1.737045601586
-1.796372445804
1.543792035725
-0.806304011582
1.348948133334
0.182127575618
1.153819955144
1.169170716090
0.959707825748
2.155085609958
0.767896813010
3.140136823297
0.579647199556
4.124587245371
0.396185718494
5.108689663740
0.218696299872
6.092682706644
0.048311974460
7.076782602173
-0.113894020760
8.061181686294
-0.266916005638
9.046043403538
-0.409823433162
10.031499030537
-0.541768247269
11.017646596995
-0.661992148450
12.004554506842
-0.769831984425
12.992256111436
-0.864725845861
13.980755348169
-0.946218084120
14.970032460085
-1.013962696397
15.960040758434
-1.067727106454
16.950719721112
-1.107393799658
17.941992998310
-1.132961723280
18.933777574356
-1.144546341422
19.925989032291
-1.142378679157
20.918546741465
-1.126803406401
21.911377385767
-1.098275711394
22.904427371864
-1.057357627364
23.897655366111
-1.004713121928
24.891043736505
-0.941102568086
25.884598710723
-0.867376455433
26.878351870713
-0.784468642138
27.872358591617
-0.693388223465
28.866704843611
-0.595212590651
29.861493685052
-0.491078389412
30.856850433917
-0.382173210131
31.852914676457
-0.269725712448
32.849843180921
-0.154997560590
33.847793289287
-0.039273019534
34.846924644111
0.076150599994
35.847390732410
0.189973034613
36.849333178864
0.300901243482
37.852875140992
0.407659809591
38.858115513359
0.509001461514
39.865123545334
0.603717691307
40.873934267946
0.690649410540
41.884544280686
0.768697737330
42.896905640727
0.836837648780
43.910938424392
0.894135141597
44.926506107919
0.939748605382
45.943468858923
0.972814652615
46.961806776591
0.992387509431
47.981477264270
0.500000000000
49.000000000000
-0.494169344977
-48.986644343771
-0.473611671720
-47.973415967633
-0.438637889523
-46.961106031065
-0.390153765382
-45.949669951677
-0.328844175259
-44.939256526613
-0.255434350934
-43.930047950797
-0.170769526974
-42.922174942873
-0.075794283476
-41.915711515222
0.028460764121
-40.910700516027
0.140891304121
-39.907139916770
0.260329394185
-38.904987845355
0.385553647205
-37.904165980590
0.515299524101
-36.904563553376
0.648269651013
-35.906042398756
0.783144137018
-34.908442678339
0.918590770323
-33.911589659704
1.053275265158
-32.915299858479
1.185871024726
-31.919390168010
1.315070097217
-30.923677030522
1.439591494103
-29.927994126910
1.558191877636
-28.932190711959
1.669674555586
-27.936140972275
1.772899679966
-26.939740274995
1.866791961515
-25.942920122326
1.950350242256
-24.945642751738
2.022655573801
-23.947903998524
2.082879014508
-22.949732952874
2.130288702693
-21.951192765296
2.164256709457
-20.952369884931
2.184264094650
-19.953381986086
2.189906001821
-18.954365649773
2.180895231799
-17.955472626324
2.157064819667
-16.956864104566
2.118369489002
-15.958704579514
2.064885718304
-14.961151485709
1.996811081966
-13.964355772411
1.914461680972
-12.968447053590
1.818269315964
-11.973534979235
1.708777077767
-10.979701446505
1.586633652835
-9.986992792882
1.452587904092
-8.995423064382
1.307481638795
-8.004968196739
1.152242058982
-7.015564978849
0.987873876705
-6.027112330219
0.815451187248
-5.039474454731
0.636108254565
-4.052480667310
0.451031047522
-3.065932212985
0.261447741088
-2.079605145170
0.068619770422
-1.093257855396
-0.126167739952
-0.106636514373
-0.321615414381
0.880517785164
-0.516419135652
1.868461564828
-0.709279653188
2.857441508687
-0.898912513244
3.847688419652
-1.084057522931
4.839408807284
-1.263488995575
5.832780897828
-1.436025080433
6.827946493374
-1.600538129896
7.825009702636
-1.755964101288
8.824032246723
-1.901311899602
9.825030619961
-2.035672576459
10.827975615768
-2.158228482039
11.832796791235
-2.268260437262
12.839377924867
-2.365155553979
13.847563864664
-2.448413815864
14.857167649592
-2.517652744651
15.867968682910
-2.572612290397
16.879727639300
-2.613157176736
17.892186141101
-2.639278747177
18.905077854719
-2.651095088155
19.918135646039
-2.648849801063
20.931098667934
-2.632909464166
21.943717706194
-2.603759621504
22.955769473067
-2.561999857066
23.967050577474
-2.508337491874
24.977390589550
-2.443580434082
25.986653465480
-2.368629167542
26.994740171792
-2.284468211106
28.001588042128
-2.192156226234
29.007178419352
-2.092817334805
30.011523611469
-1.987630505927
31.014672605256
-1.877819809040
32.016703342899
-1.764643346526
33.017725887661
-1.649384224493
34.017865877164
-1.533339487100
35.017266352138
-1.417810184713
36.016079284813
-1.304091217910
37.014459825617
-1.193461414545
38.012559618892
-1.087173676945
39.010520871120
-0.986445298206
40.008470782257
-0.892448458714
41.006516711853
-0.806300997702
42.004741617762
-0.729057651668
43.003197537387
-0.661700265004
44.001917568043
-0.605131431751
45.000891224822
-0.560167800362
46.000077435380
-0.527501535063
46.999387506594
-0.507210565196
47.998517605906
0.494312002399
47.986998130364
0.474682123476
46.974223240554
0.441600989414
45.962374152925
0.396081326492
44.951376865010
0.338909011625
43.941345869192
0.270900323540
42.932426598864
0.192979386640
41.924714436435
0.106157634093
40.918250583933
0.011520232185
39.913048851638
-0.089786321002
38.909083174173
-0.196564370290
37.906293719005
-0.307575314628
36.904591159431
-0.421549867728
35.903861330564
-0.537198306043
34.903970688805
-0.653220691319
33.904772179214
-0.768316965974
32.906111897417
-0.881197070409
31.907834840872
-0.990590630260
30.909793402048
-1.095257588246
29.911845640663
-1.193996602120
28.913871896401
-1.285655329250
27.915771819216
-1.369139231237
26.917472289746
-1.443421160078
25.918922090881
-1.507548900265
24.920105261070
-1.560653910161
23.921034025883
-1.601958692705
22.921750046892
-1.630783683117
21.922322542096
-1.646553340485
20.922847687029
-1.648801547332
19.923436620606
-1.637175715722
18.924222384214
-1.611440224635
17.925346865970
-1.571478552328
16.926956623785
-1.517294328507
15.929197029336
-1.449011252404
14.932206329200
-1.366871540490
13.936105806433
-1.271234037826
12.941001172255
-1.162570054720
11.946968844226
-1.041459531379
10.954058675787
-0.908585475243
9.962287752769
-0.764727268382
8.971634341102
-0.610754654448
7.982043001827
-0.447619821974
6.993420695194
-0.276349408755
6.005637661278
-0.098036317346
5.018530563175
0.086168613338
4.031907400791
0.275066005850
3.045548953277
0.467416463908
2.059217010526
0.661950163509
1.072658438098
0.857375856153
0.085613628098
1.052390533989
-0.902177425763
1.245688980552
-1.890967656604
1.435973432332
-2.880995447246
1.621963374115
-3.872477483045
1.802405666610
-4.865603333458
1.976084222817
-5.860527961640
2.141830411659
-6.857368952579
2.298532544410
-7.856199832451
2.445146241044
-8.857050499488
2.580703762167
-9.859904396319
2.704323138948
-10.864697663842
2.815216960660
-11.871320743273
2.912700819718
-12.879624934338
2.996199810500
-13.889419868405
3.065255221176
-14.900482296794
3.119529777295
-15.912564967666
3.158811068097
-16.925396292007
3.183014576427
-17.938696524532
3.192184495327
-18.952178338324
3.186493633378
-19.965558504263
3.166241681602
-20.978565273092
3.131852133924
-21.990945304867
3.083867999709
-23.002468516294
3.022945847938
-24.012941543129
2.949849689206
-25.022200608134
2.865443007998
-26.030123208151
2.770680472493
-27.036627978811
2.666598902930
-28.041675616766
2.554307969142
-29.045266467212
2.434979460967
-30.047446338157
2.309838486671
-31.048291729383
2.180152334928
-32.047913835418
2.047220680102
-33.046449297110
1.912364282268
-34.044061970708
1.776916245600
-35.040925259627
1.642210853427
-36.037222988010
1.509573808136
-37.033140267869
1.380312202648
-38.028857336372
1.255704751031
-39.024542727842
1.136992094771
-40.020347466698
1.025367291205
-41.016399874949
0.921966499695
-42.012801347540
0.827859979333
-43.009622610076
0.744043615850
-44.006898195752
0.671429373738
-45.004639528158
0.610839508177
-46.002811479167
0.563000326451
-47.001346469459
0.528503344873
-48.000127906574
0.507302512924
-48.998818055810
