               1     519.729E-42    -148.496E-42
               2     55.1131E-39             -1.
               3     6.07041E-39             -1.
               4             -0.             -0.
               5     52.9803E-42     335.960E-42
               6     32.1248E-42             -1.
               7    -2.33514E-03    -1.87646E-03
               8    -14.9163E-03    -4.10770E-03
               9    -38.7796E-03    -6.30791E-03
              10    -73.8064E-03    -8.96132E-03
              11    -119.934E-03    -12.1067E-03
              12    -176.990E-03    -15.8268E-03
              13    -244.747E-03    -20.2147E-03
              14    -322.926E-03    -25.3593E-03
              15    -411.200E-03    -31.3395E-03
              16    -509.199E-03    -38.2216E-03
              17    -616.515E-03    -46.0572E-03
              18    -732.700E-03    -54.8824E-03
              19    -857.272E-03    -64.7169E-03
              20    -989.714E-03    -75.5640E-03
              21        -1.12948    -87.4104E-03
              22        -1.27600    -100.226E-03
              23        -1.42866    -113.966E-03
              24        -1.58685    -128.570E-03
              25        -1.74992    -143.962E-03
              26        -1.91721    -160.056E-03
              27        -2.08804    -176.752E-03
              28        -2.26172    -193.943E-03
              29        -2.43755    -211.511E-03
              30        -2.61481    -229.335E-03
              31        -2.79280    -247.287E-03
              32        -2.97079    -265.238E-03
              33        -3.14807    -283.061E-03
              34        -3.32393    -300.627E-03
              35        -3.49764    -317.816E-03
              36        -3.66853    -334.509E-03
              37        -3.83588    -350.599E-03
              38        -3.99903    -365.988E-03
              39        -4.15731    -380.587E-03
              40        -4.31007    -394.322E-03
              41        -4.45669    -407.134E-03
              42        -4.59658    -418.976E-03
              43        -4.72915    -429.819E-03
              44        -4.85386    -439.651E-03
              45        -4.97020    -448.473E-03
              46        -5.07768    -456.307E-03
              47        -5.17585    -463.188E-03
              48        -5.26431    -469.169E-03
              49        -5.34268    -474.316E-03
              50        -5.41064    -478.710E-03
              51        -5.46790    -482.445E-03
              52        -5.51422    -485.624E-03
              53        -5.54941    -488.362E-03
              54        -5.57330    -490.779E-03
              55        -5.58582    -493.001E-03
              56        -5.58689    -495.159E-03
              57        -5.57652    -497.384E-03
              58        -5.55475    -499.805E-03
              59        -5.52167    -502.550E-03
              60        -5.47743    -505.740E-03
              61        -5.42220    -509.491E-03
              62        -5.35623    -513.907E-03
              63        -5.27979    -519.084E-03
              64        -5.19320    -525.104E-03
              65        -5.09682    -532.036E-03
              66        -4.99106    -539.933E-03
              67        -4.87635    -548.834E-03
              68        -4.75317    -558.761E-03
              69        -4.62204    -569.719E-03
              70        -4.48349    -581.696E-03
              71        -4.33808    -594.665E-03
              72        -4.18643    -608.582E-03
              73        -4.02914    -623.388E-03
              74        -3.86685    -639.010E-03
              75        -3.70024    -655.361E-03
              76        -3.52996    -672.342E-03
              77        -3.35672    -689.846E-03
              78        -3.18120    -707.756E-03
              79        -3.00412    -725.949E-03
              80        -2.82620    -744.296E-03
              81        -2.64814    -762.668E-03
              82        -2.47067    -780.935E-03
              83        -2.29450    -798.966E-03
              84        -2.12034    -816.638E-03
              85        -1.94889    -833.830E-03
              86        -1.78086    -850.431E-03
              87        -1.61691    -866.339E-03
              88        -1.45772    -881.463E-03
              89        -1.30393    -895.723E-03
              90        -1.15617    -909.056E-03
              91        -1.01505    -921.411E-03
              92    -881.143E-03    -932.755E-03
              93    -755.005E-03    -943.069E-03
              94    -637.158E-03    -952.353E-03
              95    -528.090E-03    -960.622E-03
              96    -428.255E-03    -967.909E-03
              97    -338.071E-03    -974.262E-03
              98    -257.913E-03    -979.745E-03
              99    -188.116E-03    -984.437E-03
             100    -128.968E-03    -988.434E-03
             101    -80.7003E-03    -991.854E-03
             102    -43.5004E-03    -994.850E-03
             103    -17.4425E-03    -997.666E-03
             104    -3.00146E-03    -999.532E-03
             105     94.0305E-39             -1.
             106    -8.05632E-03    -988.723E-03
             107    -23.4422E-03    -976.426E-03
             108    -49.2838E-03    -963.240E-03
             109    -86.0912E-03    -949.477E-03
             110    -133.803E-03    -935.270E-03
             111    -192.260E-03    -920.638E-03
             112    -261.250E-03    -905.555E-03
             113    -340.499E-03    -889.987E-03
             114    -429.689E-03    -873.904E-03
             115    -528.458E-03    -857.285E-03
             116    -636.405E-03    -840.120E-03
             117    -753.093E-03    -822.413E-03
             118    -878.049E-03    -804.183E-03
             119        -1.01077    -785.461E-03
             120        -1.15072    -766.293E-03
             121        -1.29733    -746.741E-03
             122        -1.45002    -726.876E-03
             123        -1.60817    -706.785E-03
             124        -1.77115    -686.565E-03
             125        -1.93831    -666.321E-03
             126        -2.10897    -646.169E-03
             127        -2.28245    -626.232E-03
             128        -2.45805    -606.635E-03
             129        -2.63508    -587.509E-03
             130        -2.81281    -568.986E-03
             131        -2.99054    -551.195E-03
             132        -3.16754    -534.264E-03
             133        -3.34310    -518.315E-03
             134        -3.51651    -503.464E-03
             135        -3.68706    -489.816E-03
             136        -3.85405    -477.467E-03
             137        -4.01681    -466.499E-03
             138        -4.17465    -456.980E-03
             139        -4.32693    -448.965E-03
             140        -4.47301    -442.488E-03
             141        -4.61229    -437.568E-03
             142        -4.74417    -434.206E-03
             143        -4.86811    -432.382E-03
             144        -4.98358    -432.060E-03
             145        -5.09010    -433.182E-03
             146        -5.18719    -435.676E-03
             147        -5.27446    -439.448E-03
             148        -5.35151    -444.390E-03
             149        -5.41803    -450.379E-03
             150        -5.47372    -457.277E-03
             151        -5.51835    -464.934E-03
             152        -5.55171    -473.192E-03
             153        -5.57366    -481.882E-03
             154        -5.58411    -490.831E-03
             155        -5.58301    -499.864E-03
             156        -5.57036    -508.802E-03
             157        -5.54623    -517.470E-03
             158        -5.51071    -525.694E-03
             159        -5.46396    -533.309E-03
             160        -5.40619    -540.157E-03
             161        -5.33764    -546.090E-03
             162        -5.25861    -550.973E-03
             163        -5.16944    -554.684E-03
             164        -5.07052    -557.119E-03
             165        -4.96227    -558.186E-03
             166        -4.84514    -557.816E-03
             167        -4.71965    -555.955E-03
             168        -4.58631    -552.568E-03
             169        -4.44570    -547.639E-03
             170        -4.29839    -541.171E-03
             171        -4.14500    -533.186E-03
             172        -3.98618    -523.721E-03
             173        -3.82257    -512.832E-03
             174        -3.65485    -500.588E-03
             175        -3.48371    -487.074E-03
             176        -3.30985    -472.386E-03
             177        -3.13397    -456.630E-03
             178        -2.95678    -439.922E-03
             179        -2.77901    -422.383E-03
             180        -2.60137    -404.140E-03
             181        -2.42458    -385.322E-03
             182        -2.24935    -366.058E-03
             183        -2.07637    -346.477E-03
             184        -1.90635    -326.703E-03
             185        -1.73996    -306.854E-03
             186        -1.57788    -287.043E-03
             187        -1.42075    -267.372E-03
             188        -1.26921    -247.935E-03
             189        -1.12386    -228.813E-03
             190    -985.281E-03    -210.074E-03
             191    -854.041E-03    -191.775E-03
             192    -730.666E-03    -173.957E-03
             193    -615.655E-03    -156.648E-03
             194    -509.474E-03    -139.861E-03
             195    -412.552E-03    -123.597E-03
             196    -325.285E-03    -107.840E-03
             197    -248.025E-03    -92.5645E-03
             198    -181.085E-03    -77.7305E-03
             199    -124.728E-03    -63.2886E-03
             200    -79.1541E-03    -49.1851E-03
             201    -44.5525E-03    -35.2756E-03
             202    -21.0566E-03    -21.4054E-03
             203    -7.93389E-03    -8.20010E-03
             204     1.35228E-39     249.720E-42
             205     307.069E-42     315.543E-42
             206    -4.36796E-03     6.88594E-03
             207    -17.7109E-03     14.7038E-03
             208    -41.8855E-03     22.8765E-03
             209    -77.2795E-03     30.8985E-03
             210    -123.844E-03     38.4352E-03
             211    -181.413E-03     45.2582E-03
             212    -249.757E-03     51.1904E-03
             213    -328.588E-03     56.0839E-03
             214    -417.569E-03     59.8123E-03
             215    -516.316E-03     62.2671E-03
             216    -624.406E-03     63.3582E-03
             217    -741.378E-03     63.0132E-03
             218    -866.734E-03     61.1785E-03
             219    -999.944E-03     57.8191E-03
             220        -1.14045     52.9189E-03
             221        -1.28765     46.4804E-03
             222        -1.44094     38.5242E-03
             223        -1.59969     29.0886E-03
             224        -1.76323     18.2281E-03
             225        -1.93089     6.01249E-03
             226        -2.10198    -7.47446E-03
             227        -2.27581    -22.1368E-03
             228        -2.45167    -37.8681E-03
             229        -2.62884    -54.5533E-03
             230        -2.80661    -72.0707E-03
             231        -2.98426    -90.2938E-03
             232        -3.16108    -109.094E-03
             233        -3.33635    -128.341E-03
             234        -3.50937    -147.908E-03
             235        -3.67944    -167.671E-03
             236        -3.84589    -187.509E-03
             237        -4.00805    -207.312E-03
             238        -4.16527    -226.975E-03
             239        -4.31691    -246.407E-03
             240        -4.46237    -265.526E-03
             241        -4.60106    -284.262E-03
             242        -4.73243    -302.559E-03
             243        -4.85594    -320.376E-03
             244        -4.97110    -337.685E-03
             245        -5.07744    -354.471E-03
             246        -5.17453    -370.735E-03
             247        -5.26198    -386.491E-03
             248        -5.33943    -401.765E-03
             249        -5.40657    -416.596E-03
             250        -5.46312    -431.034E-03
             251        -5.50885    -445.137E-03
             252        -5.54357    -458.974E-03
             253        -5.56715    -472.616E-03
             254        -5.57948    -486.144E-03
             255        -5.58053    -499.637E-03
             256        -5.57027    -513.180E-03
             257        -5.54876    -526.852E-03
             258        -5.51608    -540.732E-03
             259        -5.47236    -554.896E-03
             260        -5.41779    -569.410E-03
             261        -5.35259    -584.334E-03
             262        -5.27703    -599.720E-03
             263        -5.19140    -615.607E-03
             264        -5.09607    -632.021E-03
             265        -4.99141    -648.980E-03
             266        -4.87785    -666.483E-03
             267        -4.75585    -684.518E-03
             268        -4.62590    -703.059E-03
             269        -4.48853    -722.063E-03
             270        -4.34428    -741.477E-03
             271        -4.19374    -761.231E-03
             272        -4.03752    -781.244E-03
             273        -3.87623    -801.425E-03
             274        -3.71053    -821.668E-03
             275        -3.54107    -841.863E-03
             276        -3.36855    -861.890E-03
             277        -3.19364    -881.622E-03
             278        -3.01705    -900.932E-03
             279        -2.83949    -919.689E-03
             280        -2.66168    -937.760E-03
             281        -2.48433    -955.018E-03
             282        -2.30815    -971.338E-03
             283        -2.13387    -986.602E-03
             284        -1.96219        -1.00070
             285        -1.79381        -1.01353
             286        -1.62942        -1.02501
             287        -1.46970        -1.03507
             288        -1.31531        -1.04364
             289        -1.16689        -1.05068
             290        -1.02506        -1.05617
             291    -890.408E-03        -1.06010
             292    -763.507E-03        -1.06248
             293    -644.893E-03        -1.06334
             294    -535.070E-03        -1.06274
             295    -434.505E-03        -1.06074
             296    -343.630E-03        -1.05742
             297    -262.835E-03        -1.05289
             298    -192.464E-03        -1.04727
             299    -132.810E-03        -1.04070
             300    -84.0939E-03        -1.03332
             301    -46.5723E-03        -1.02514
             302    -20.6659E-03        -1.01596
             303    -6.37778E-03        -1.00624
             304     114.823E-39             -1.
             305    -4.21646E-03    -5.19224E-03
             306    -16.8178E-03    -12.8197E-03
             307    -40.4819E-03    -20.7714E-03
             308    -75.3458E-03    -28.9648E-03
             309    -121.220E-03    -37.5641E-03
             310    -177.954E-03    -46.6240E-03
             311    -245.335E-03    -56.2160E-03
             312    -323.090E-03    -66.4092E-03
             313    -410.902E-03    -77.2631E-03
             314    -508.407E-03    -88.8244E-03
             315    -615.203E-03    -101.126E-03
             316    -730.853E-03    -114.187E-03
             317    -854.881E-03    -128.010E-03
             318    -986.779E-03    -142.583E-03
             319        -1.12601    -157.877E-03
             320        -1.27201    -173.851E-03
             321        -1.42418    -190.447E-03
             322        -1.58190    -207.593E-03
             323        -1.74455    -225.206E-03
             324        -1.91145    -243.190E-03
             325        -2.08195    -261.440E-03
             326        -2.25534    -279.842E-03
             327        -2.43094    -298.274E-03
             328        -2.60804    -316.612E-03
             329        -2.78593    -334.728E-03
             330        -2.96388    -352.491E-03
             331        -3.14118    -369.774E-03
             332        -3.31712    -386.452E-03
             333        -3.49098    -402.408E-03
             334        -3.66205    -417.527E-03
             335        -3.82966    -431.709E-03
             336        -3.99310    -444.861E-03
             337        -4.15171    -456.905E-03
             338        -4.30484    -467.776E-03
             339        -4.45187    -477.425E-03
             340        -4.59217    -485.817E-03
             341        -4.72518    -492.938E-03
             342        -4.85033    -498.788E-03
             343        -4.96711    -503.386E-03
             344        -5.07502    -506.768E-03
             345        -5.17360    -508.990E-03
             346        -5.26245    -510.121E-03
             347        -5.34118    -510.248E-03
             348        -5.40947    -509.473E-03
             349        -5.46701    -507.909E-03
             350        -5.51356    -505.682E-03
             351        -5.54892    -502.930E-03
             352        -5.57295    -499.795E-03
             353        -5.58553    -496.427E-03
             354        -5.58662    -492.980E-03
             355        -5.57621    -489.607E-03
             356        -5.55434    -486.464E-03
             357        -5.52111    -483.699E-03
             358        -5.47666    -481.457E-03
             359        -5.42118    -479.877E-03
             360        -5.35490    -479.085E-03
             361        -5.27812    -479.199E-03
             362        -5.19116    -480.320E-03
             363        -5.09439    -482.539E-03
             364        -4.98821    -485.927E-03
             365        -4.87307    -490.542E-03
             366        -4.74947    -496.422E-03
             367        -4.61790    -503.588E-03
             368        -4.47893    -512.045E-03
             369        -4.33314    -521.779E-03
             370        -4.18111    -532.757E-03
             371        -4.02348    -544.933E-03
             372        -3.86090    -558.242E-03
             373        -3.69403    -572.609E-03
             374        -3.52355    -587.941E-03
             375        -3.35015    -604.136E-03
             376        -3.17455    -621.084E-03
             377        -2.99744    -638.664E-03
             378        -2.81954    -656.752E-03
             379        -2.64157    -675.219E-03
             380        -2.46426    -693.933E-03
             381        -2.28830    -712.764E-03
             382        -2.11441    -731.585E-03
             383        -1.94328    -750.272E-03
             384        -1.77562    -768.708E-03
             385        -1.61209    -786.784E-03
             386        -1.45335    -804.401E-03
             387        -1.30004    -821.470E-03
             388        -1.15279    -837.918E-03
             389        -1.01220    -853.681E-03
             390    -878.828E-03    -868.714E-03
             391    -753.226E-03    -882.983E-03
             392    -635.906E-03    -896.472E-03
             393    -527.350E-03    -909.181E-03
             394    -428.004E-03    -921.123E-03
             395    -338.276E-03    -932.327E-03
             396    -258.537E-03    -942.839E-03
             397    -189.115E-03    -952.715E-03
             398    -130.293E-03    -962.027E-03
             399    -82.2995E-03    -970.856E-03
             400    -45.3255E-03    -979.288E-03
             401    -19.4772E-03    -987.415E-03
             402    -4.19763E-03    -995.469E-03
             403    -3.75831E-03        -1.00307
             404    -17.8714E-03        -1.00696
             405    -43.8665E-03        -1.01010
             406    -81.3016E-03        -1.01262
             407    -129.814E-03        -1.01462
             408    -189.240E-03        -1.01592
             409    -259.353E-03        -1.01639
             410    -339.861E-03        -1.01592
             411    -430.427E-03        -1.01440
             412    -530.666E-03        -1.01176
             413    -640.154E-03        -1.00792
             414    -758.431E-03        -1.00284
             415    -884.999E-03    -996.489E-03
             416        -1.01933    -988.843E-03
             417        -1.16086    -979.910E-03
             418        -1.30901    -969.710E-03
             419        -1.46316    -958.280E-03
             420        -1.62268    -945.675E-03
             421        -1.78691    -931.964E-03
             422        -1.95518    -917.229E-03
             423        -2.12681    -901.564E-03
             424        -2.30110    -885.077E-03
             425        -2.47734    -867.882E-03
             426        -2.65483    -850.101E-03
             427        -2.83283    -831.860E-03
             428        -3.01065    -813.290E-03
             429        -3.18755    -794.522E-03
             430        -3.36283    -775.684E-03
             431        -3.53579    -756.904E-03
             432        -3.70572    -738.303E-03
             433        -3.87195    -719.995E-03
             434        -4.03381    -702.085E-03
             435        -4.19063    -684.668E-03
             436        -4.34179    -667.828E-03
             437        -4.48668    -651.635E-03
             438        -4.62470    -636.145E-03
             439        -4.75530    -621.400E-03
             440        -4.87794    -607.425E-03
             441        -4.99213    -594.232E-03
             442        -5.09738    -581.815E-03
             443        -5.19328    -570.156E-03
             444        -5.27943    -559.219E-03
             445        -5.35547    -548.956E-03
             446        -5.42109    -539.306E-03
             447        -5.47601    -530.196E-03
             448        -5.52001    -521.542E-03
             449        -5.55290    -513.254E-03
             450        -5.57455    -505.233E-03
             451        -5.58487    -497.376E-03
             452        -5.58382    -489.577E-03
             453        -5.57139    -481.728E-03
             454        -5.54764    -473.724E-03
             455        -5.51267    -465.462E-03
             456        -5.46662    -456.845E-03
             457        -5.40969    -447.782E-03
             458        -5.34211    -438.190E-03
             459        -5.26416    -427.999E-03
             460        -5.17617    -417.148E-03
             461        -5.07849    -405.590E-03
             462        -4.97153    -393.293E-03
             463        -4.85573    -380.237E-03
             464        -4.73157    -366.421E-03
             465        -4.59954    -351.855E-03
             466        -4.46019    -336.568E-03
             467        -4.31408    -320.603E-03
             468        -4.16182    -304.016E-03
             469        -4.00400    -286.879E-03
             470        -3.84128    -269.276E-03
             471        -3.67431    -251.302E-03
             472        -3.50376    -233.062E-03
             473        -3.33032    -214.671E-03
             474        -3.15469    -196.249E-03
             475        -2.97757    -177.921E-03
             476        -2.79968    -159.816E-03
             477        -2.62173    -142.063E-03
             478        -2.44444    -124.790E-03
             479        -2.26853    -108.121E-03
             480        -2.09471    -92.1757E-03
             481        -1.92368    -77.0655E-03
             482        -1.75614    -62.8928E-03
             483        -1.59277    -49.7493E-03
             484        -1.43424    -37.7139E-03
             485        -1.28120    -26.8512E-03
             486        -1.13429    -17.2108E-03
             487    -994.097E-03    -8.82612E-03
             488    -861.219E-03    -1.71333E-03
             489    -736.207E-03     4.12878E-03
             490    -619.583E-03     8.71916E-03
             491    -511.838E-03     12.0944E-03
             492    -413.426E-03     14.3084E-03
             493    -324.765E-03     15.4318E-03
             494    -246.230E-03     15.5508E-03
             495    -178.154E-03     14.7663E-03
             496    -120.824E-03     13.1926E-03
             497    -74.4735E-03     10.9569E-03
             498    -39.2832E-03     8.20194E-03
             499    -15.3364E-03     5.08648E-03
             500    -2.26011E-03     1.72993E-03