               1    -551.325E-42    -57.3916E-42
               2    -110.531E-39             -1.
               3    -6.37671E-39             -1.
               4              0.              0.
               5    -54.1588E-42    -487.910E-42
               6    -54.5540E-42             -1.
               7     3.00163E-03    -465.214E-06
               8     17.4407E-03    -2.32584E-03
               9     43.4975E-03    -5.13866E-03
              10     80.6975E-03    -8.13169E-03
              11     128.967E-03    -11.5509E-03
              12     188.118E-03    -15.5492E-03
              13     257.918E-03    -20.2435E-03
              14     338.081E-03    -25.7296E-03
              15     428.271E-03    -32.0872E-03
              16     528.111E-03    -39.3799E-03
              17     637.184E-03    -47.6559E-03
              18     755.037E-03    -56.9472E-03
              19     881.179E-03    -67.2692E-03
              20         1.01509    -78.6207E-03
              21         1.15621    -90.9838E-03
              22         1.30397    -104.324E-03
              23         1.45777    -118.593E-03
              24         1.61696    -133.723E-03
              25         1.78091    -149.638E-03
              26         1.94894    -166.246E-03
              27         2.12038    -183.444E-03
              28         2.29453    -201.120E-03
              29         2.47070    -219.155E-03
              30         2.64816    -237.425E-03
              31         2.82620    -255.799E-03
              32         3.00411    -274.147E-03
              33         3.18117    -292.340E-03
              34         3.35667    -310.249E-03
              35         3.52989    -327.751E-03
              36         3.70015    -344.730E-03
              37         3.86674    -361.077E-03
              38         4.02900    -376.695E-03
              39         4.18626    -391.497E-03
              40         4.33788    -405.409E-03
              41         4.48325    -418.373E-03
              42         4.62177    -430.345E-03
              43         4.75287    -441.297E-03
              44         4.87602    -451.218E-03
              45         4.99069    -460.114E-03
              46         5.09642    -468.006E-03
              47         5.19277    -474.932E-03
              48         5.27933    -480.948E-03
              49         5.35575    -486.120E-03
              50         5.42169    -490.533E-03
              51         5.47690    -494.280E-03
              52         5.52112    -497.467E-03
              53         5.55418    -500.209E-03
              54         5.57594    -502.627E-03
              55         5.58630    -504.849E-03
              56         5.58522    -507.004E-03
              57         5.57271    -509.224E-03
              58         5.54881    -511.637E-03
              59         5.51364    -514.372E-03
              60         5.46733    -517.547E-03
              61         5.41008    -521.278E-03
              62         5.34214    -525.668E-03
              63         5.26379    -530.810E-03
              64         5.17536    -536.786E-03
              65         5.07721    -543.661E-03
              66         4.96977    -551.489E-03
              67         4.85346    -560.305E-03
              68         4.72879    -570.129E-03
              69         4.59625    -580.965E-03
              70         4.45640    -592.800E-03
              71         4.30982    -605.604E-03
              72         4.15709    -619.333E-03
              73         3.99885    -633.925E-03
              74         3.83574    -649.307E-03
              75         3.66843    -665.392E-03
              76         3.49758    -682.080E-03
              77         3.32390    -699.264E-03
              78         3.14807    -716.828E-03
              79         2.97082    -734.648E-03
              80         2.79286    -752.599E-03
              81         2.61490    -770.551E-03
              82         2.43766    -788.376E-03
              83         2.26186    -805.948E-03
              84         2.08820    -823.142E-03
              85         1.91738    -839.844E-03
              86         1.75011    -855.944E-03
              87         1.58704    -871.344E-03
              88         1.42886    -885.956E-03
              89         1.27620    -899.705E-03
              90         1.12968    -912.530E-03
              91     989.912E-03    -924.387E-03
              92     857.464E-03    -935.244E-03
              93     732.884E-03    -945.088E-03
              94     616.688E-03    -953.923E-03
              95     509.359E-03    -961.768E-03
              96     411.343E-03    -968.658E-03
              97     323.051E-03    -974.646E-03
              98     244.853E-03    -979.796E-03
              99     177.076E-03    -984.188E-03
             100     120.000E-03    -987.911E-03
             101     73.8524E-03    -991.056E-03
             102     38.8071E-03    -993.708E-03
             103     14.9292E-03    -995.905E-03
             104     2.33886E-03    -998.130E-03
             105    -26.6721E-39             -1.
             106     4.36816E-03        -1.00687
             107     17.7185E-03        -1.01467
             108     41.9057E-03        -1.02282
             109     77.3154E-03        -1.03083
             110     123.897E-03        -1.03835
             111     181.484E-03        -1.04515
             112     249.845E-03        -1.05107
             113     328.693E-03        -1.05594
             114     417.688E-03        -1.05966
             115     516.449E-03        -1.06210
             116     624.551E-03        -1.06317
             117     741.532E-03        -1.06282
             118     866.895E-03        -1.06097
             119         1.00011        -1.05760
             120         1.14061        -1.05269
             121         1.28782        -1.04625
             122         1.44111        -1.03829
             123         1.59985        -1.02885
             124         1.76338        -1.01798
             125         1.93103        -1.00577
             126         2.10211    -992.278E-03
             127         2.27592    -977.617E-03
             128         2.45176    -961.887E-03
             129         2.62891    -945.206E-03
             130         2.80665    -927.693E-03
             131         2.98427    -909.476E-03
             132         3.16106    -890.682E-03
             133         3.33630    -871.442E-03
             134         3.50928    -851.884E-03
             135         3.67932    -832.131E-03
             136         3.84574    -812.302E-03
             137         4.00786    -792.510E-03
             138         4.16504    -772.857E-03
             139         4.31664    -753.437E-03
             140         4.46207    -734.330E-03
             141         4.60072    -715.605E-03
             142         4.73206    -697.320E-03
             143         4.85554    -679.514E-03
             144         4.97066    -662.218E-03
             145         5.07698    -645.443E-03
             146         5.17404    -629.190E-03
             147         5.26147    -613.446E-03
             148         5.33889    -598.182E-03
             149         5.40601    -583.362E-03
             150         5.46255    -568.935E-03
             151         5.50827    -554.841E-03
             152         5.54298    -541.015E-03
             153         5.56656    -527.382E-03
             154         5.57889    -513.865E-03
             155         5.57994    -500.381E-03
             156         5.56969    -486.848E-03
             157         5.54819    -473.186E-03
             158         5.51553    -459.314E-03
             159         5.47183    -445.161E-03
             160         5.41729    -430.656E-03
             161         5.35211    -415.741E-03
             162         5.27657    -400.365E-03
             163         5.19097    -384.488E-03
             164         5.09567    -368.082E-03
             165         4.99104    -351.133E-03
             166         4.87751    -333.640E-03
             167         4.75554    -315.614E-03
             168         4.62562    -297.082E-03
             169         4.48828    -278.086E-03
             170         4.34407    -258.681E-03
             171         4.19356    -238.934E-03
             172         4.03736    -218.928E-03
             173         3.87610    -198.755E-03
             174         3.71042    -178.517E-03
             175         3.54099    -158.327E-03
             176         3.36848    -138.306E-03
             177         3.19359    -118.577E-03
             178         3.01702    -99.2699E-03
             179         2.83947    -80.5163E-03
             180         2.66167    -62.4466E-03
             181         2.48433    -45.1896E-03
             182         2.30816    -28.8697E-03
             183         2.13388    -13.6050E-03
             184         1.96220     494.995E-06
             185         1.79383     13.3306E-03
             186         1.62944     24.8145E-03
             187         1.46972     34.8726E-03
             188         1.31533     43.4464E-03
             189         1.16691     50.4935E-03
             190         1.02507     55.9887E-03
             191     890.417E-03     59.9252E-03
             192     763.513E-03     62.3148E-03
             193     644.895E-03     63.1881E-03
             194     535.068E-03     62.5946E-03
             195     434.500E-03     60.6022E-03
             196     343.623E-03     57.2970E-03
             197     262.825E-03     52.7818E-03
             198     192.452E-03     47.1756E-03
             199     132.798E-03     40.6132E-03
             200     84.0823E-03     33.2553E-03
             201     46.5624E-03     25.0916E-03
             202     20.6581E-03     15.9265E-03
             203     6.37254E-03     6.22951E-03
             204    -1.04691E-39    -231.473E-42
             205    -738.762E-42    -620.743E-42
             206     8.05278E-03    -11.2741E-03
             207     23.4368E-03    -23.5687E-03
             208     49.2782E-03    -36.7526E-03
             209     86.0869E-03    -50.5144E-03
             210     133.801E-03    -64.7192E-03
             211     192.262E-03    -79.3499E-03
             212     261.257E-03    -94.4315E-03
             213     340.512E-03    -109.998E-03
             214     429.708E-03    -126.079E-03
             215     528.484E-03    -142.697E-03
             216     636.438E-03    -159.860E-03
             217     753.132E-03    -177.565E-03
             218     878.095E-03    -195.794E-03
             219         1.01082    -214.514E-03
             220         1.15077    -233.679E-03
             221         1.29739    -253.229E-03
             222         1.45009    -273.091E-03
             223         1.60824    -293.180E-03
             224         1.77122    -313.398E-03
             225         1.93837    -333.639E-03
             226         2.10903    -353.787E-03
             227         2.28251    -373.721E-03
             228         2.45811    -393.314E-03
             229         2.63512    -412.436E-03
             230         2.81284    -430.956E-03
             231         2.99056    -448.742E-03
             232         3.16754    -465.669E-03
             233         3.34309    -481.613E-03
             234         3.51647    -496.460E-03
             235         3.68700    -510.104E-03
             236         3.85397    -522.450E-03
             237         4.01669    -533.414E-03
             238         4.17450    -542.929E-03
             239         4.32675    -550.943E-03
             240         4.47280    -557.418E-03
             241         4.61204    -562.336E-03
             242         4.74390    -565.699E-03
             243         4.86780    -567.523E-03
             244         4.98324    -567.848E-03
             245         5.08971    -566.728E-03
             246         5.18678    -564.239E-03
             247         5.27401    -560.472E-03
             248         5.35104    -555.536E-03
             249         5.41753    -549.555E-03
             250         5.47320    -542.666E-03
             251         5.51780    -535.018E-03
             252         5.55114    -526.771E-03
             253         5.57308    -518.092E-03
             254         5.58352    -509.153E-03
             255         5.58241    -500.132E-03
             256         5.56977    -491.206E-03
             257         5.54564    -482.551E-03
             258         5.51013    -474.338E-03
             259         5.46339    -466.734E-03
             260         5.40563    -459.897E-03
             261         5.33710    -453.973E-03
             262         5.25810    -449.099E-03
             263         5.16896    -445.396E-03
             264         5.07007    -442.968E-03
             265         4.96185    -441.906E-03
             266         4.84476    -442.281E-03
             267         4.71931    -444.146E-03
             268         4.58601    -447.535E-03
             269         4.44543    -452.466E-03
             270         4.29816    -458.933E-03
             271         4.14482    -466.918E-03
             272         3.98603    -476.381E-03
             273         3.82247    -487.268E-03
             274         3.65479    -499.508E-03
             275         3.48368    -513.018E-03
             276         3.30985    -527.703E-03
             277         3.13401    -543.454E-03
             278         2.95685    -560.158E-03
             279         2.77911    -577.692E-03
             280         2.60150    -595.929E-03
             281         2.42473    -614.742E-03
             282         2.24951    -634.001E-03
             283         2.07656    -653.577E-03
             284         1.90655    -673.347E-03
             285         1.74017    -693.191E-03
             286         1.57810    -712.998E-03
             287         1.42097    -732.665E-03
             288         1.26943    -752.098E-03
             289         1.12407    -771.217E-03
             290     985.494E-03    -789.952E-03
             291     854.246E-03    -808.248E-03
             292     730.860E-03    -826.063E-03
             293     615.835E-03    -843.368E-03
             294     509.638E-03    -860.152E-03
             295     412.699E-03    -876.413E-03
             296     325.412E-03    -892.167E-03
             297     248.132E-03    -907.440E-03
             298     181.171E-03    -922.271E-03
             299     124.793E-03    -936.711E-03
             300     79.1974E-03    -950.812E-03
             301     44.5769E-03    -964.720E-03
             302     21.0659E-03    -978.590E-03
             303     7.93513E-03    -991.797E-03
             304    -163.831E-39             -1.
             305     3.75799E-03     3.06571E-03
             306     17.8691E-03     6.95117E-03
             307     43.8623E-03     10.0913E-03
             308     81.2965E-03     12.6031E-03
             309     129.810E-03     14.5959E-03
             310     189.237E-03     15.8929E-03
             311     259.352E-03     16.3582E-03
             312     339.864E-03     15.8779E-03
             313     430.434E-03     14.3536E-03
             314     530.677E-03     11.7023E-03
             315     640.170E-03     7.85731E-03
             316     758.451E-03     2.76878E-03
             317     885.024E-03    -3.59561E-03
             318         1.01936    -11.2504E-03
             319         1.16089    -20.1924E-03
             320         1.30904    -30.4009E-03
             321         1.46319    -41.8382E-03
             322         1.62271    -54.4504E-03
             323         1.78694    -68.1686E-03
             324         1.95521    -82.9099E-03
             325         2.12684    -98.5793E-03
             326         2.30112    -115.071E-03
             327         2.47736    -132.269E-03
             328         2.65483    -150.053E-03
             329         2.83282    -168.295E-03
             330         3.01062    -186.865E-03
             331         3.18751    -205.633E-03
             332         3.36277    -224.469E-03
             333         3.53571    -243.247E-03
             334         3.70562    -261.844E-03
             335         3.87183    -280.148E-03
             336         4.03366    -298.053E-03
             337         4.19045    -315.464E-03
             338         4.34158    -332.298E-03
             339         4.48644    -348.484E-03
             340         4.62443    -363.967E-03
             341         4.75500    -378.705E-03
             342         4.87761    -392.672E-03
             343         4.99176    -405.858E-03
             344         5.09699    -418.266E-03
             345         5.19286    -429.918E-03
             346         5.27898    -440.847E-03
             347         5.35499    -451.102E-03
             348         5.42058    -460.745E-03
             349         5.47548    -469.848E-03
             350         5.51946    -478.494E-03
             351         5.55234    -486.775E-03
             352         5.57397    -494.789E-03
             353         5.58428    -502.639E-03
             354         5.58322    -510.431E-03
             355         5.57079    -518.272E-03
             356         5.54704    -526.269E-03
             357         5.51208    -534.523E-03
             358         5.46605    -543.132E-03
             359         5.40913    -552.187E-03
             360         5.34157    -561.770E-03
             361         5.26364    -571.953E-03
             362         5.17567    -582.795E-03
             363         5.07803    -594.343E-03
             364         4.97110    -606.631E-03
             365         4.85533    -619.676E-03
             366         4.73120    -633.483E-03
             367         4.59920    -648.038E-03
             368         4.45989    -663.315E-03
             369         4.31382    -679.271E-03
             370         4.16159    -695.848E-03
             371         4.00382    -712.976E-03
             372         3.84113    -730.571E-03
             373         3.67420    -748.538E-03
             374         3.50368    -766.771E-03
             375         3.33028    -785.156E-03
             376         3.15468    -803.574E-03
             377         2.97759    -821.898E-03
             378         2.79973    -840.001E-03
             379         2.62180    -857.753E-03
             380         2.44454    -875.026E-03
             381         2.26865    -891.697E-03
             382         2.09485    -907.646E-03
             383         1.92383    -922.761E-03
             384         1.75630    -936.939E-03
             385         1.59294    -950.090E-03
             386         1.43442    -962.134E-03
             387         1.28139    -973.006E-03
             388         1.13447    -982.657E-03
             389     994.280E-03    -991.052E-03
             390     861.398E-03    -998.177E-03
             391     736.378E-03        -1.00403
             392     619.744E-03        -1.00863
             393     511.987E-03        -1.01202
             394     413.560E-03        -1.01425
             395     324.882E-03        -1.01538
             396     246.329E-03        -1.01551
             397     178.235E-03        -1.01474
             398     120.886E-03        -1.01317
             399     74.5168E-03        -1.01094
             400     39.3093E-03        -1.00819
             401     15.3486E-03        -1.00508
             402     2.26507E-03        -1.00173
             403     4.21792E-03    -994.812E-03
             404     16.8286E-03    -987.192E-03
             405     40.5083E-03    -979.246E-03
             406     75.3913E-03    -971.056E-03
             407     121.286E-03    -962.460E-03
             408     178.042E-03    -953.401E-03
             409     245.444E-03    -943.809E-03
             410     323.220E-03    -933.614E-03
             411     411.050E-03    -922.758E-03
             412     508.572E-03    -911.194E-03
             413     615.383E-03    -898.888E-03
             414     731.045E-03    -885.822E-03
             415     855.083E-03    -871.995E-03
             416     986.988E-03    -857.417E-03
             417         1.12622    -842.117E-03
             418         1.27222    -826.138E-03
             419         1.42439    -809.538E-03
             420         1.58211    -792.388E-03
             421         1.74474    -774.771E-03
             422         1.91164    -756.784E-03
             423         2.08212    -738.532E-03
             424         2.25550    -720.129E-03
             425         2.43108    -701.696E-03
             426         2.60815    -683.358E-03
             427         2.78601    -665.244E-03
             428         2.96393    -647.483E-03
             429         3.14120    -630.202E-03
             430         3.31710    -613.526E-03
             431         3.49093    -597.575E-03
             432         3.66197    -582.459E-03
             433         3.82953    -568.282E-03
             434         3.99294    -555.134E-03
             435         4.15151    -543.094E-03
             436         4.30460    -532.227E-03
             437         4.45159    -522.583E-03
             438         4.59185    -514.194E-03
             439         4.72482    -507.076E-03
             440         4.84994    -501.229E-03
             441         4.96668    -496.633E-03
             442         5.07456    -493.251E-03
             443         5.17311    -491.030E-03
             444         5.26194    -489.898E-03
             445         5.34065    -489.770E-03
             446         5.40891    -490.544E-03
             447         5.46643    -492.106E-03
             448         5.51297    -494.329E-03
             449         5.54833    -497.079E-03
             450         5.57235    -500.210E-03
             451         5.58494    -503.574E-03
             452         5.58603    -507.018E-03
             453         5.57563    -510.387E-03
             454         5.55377    -513.528E-03
             455         5.52056    -516.290E-03
             456         5.47612    -518.530E-03
             457         5.42067    -520.108E-03
             458         5.35442    -520.899E-03
             459         5.27767    -520.785E-03
             460         5.19074    -519.664E-03
             461         5.09400    -517.446E-03
             462         4.98785    -514.060E-03
             463         4.87275    -509.447E-03
             464         4.74918    -503.570E-03
             465         4.61765    -496.406E-03
             466         4.47871    -487.952E-03
             467         4.33294    -478.223E-03
             468         4.18095    -467.248E-03
             469         4.02335    -455.076E-03
             470         3.86080    -441.770E-03
             471         3.69395    -427.407E-03
             472         3.52350    -412.077E-03
             473         3.35012    -395.884E-03
             474         3.17453    -378.938E-03
             475         2.99744    -361.359E-03
             476         2.81956    -343.271E-03
             477         2.64161    -324.805E-03
             478         2.46430    -306.090E-03
             479         2.28834    -287.257E-03
             480         2.11446    -268.434E-03
             481         1.94334    -249.744E-03
             482         1.77568    -231.305E-03
             483         1.61215    -213.225E-03
             484         1.45341    -195.605E-03
             485         1.30010    -178.531E-03
             486         1.15285    -162.079E-03
             487         1.01225    -146.311E-03
             488     878.872E-03    -131.274E-03
             489     753.264E-03    -117.001E-03
             490     635.938E-03    -103.508E-03
             491     527.376E-03    -90.7963E-03
             492     428.023E-03    -78.8520E-03
             493     338.289E-03    -67.6456E-03
             494     258.545E-03    -57.1334E-03
             495     189.118E-03    -47.2578E-03
             496     130.292E-03    -37.9479E-03
             497     82.2965E-03    -29.1218E-03
             498     45.3214E-03    -20.6939E-03
             499     19.4736E-03    -12.5727E-03
             500     4.19604E-03    -4.52526E-03