2.513078948628
0.249834907967
1.736752733691
0.221973427731
4.920000080000
0.000000000000
5.699999810000
0.000000000000
-2.468204428174
0.050168999968
-1.572399201216
0.089625518780
2.401412859119
3.250377259716
-2.596814916299
3.050028750585
-6.313611510000
0.000000000000
-5.413611410000
0.000000000000
2.318786730517
0.243003965592
2.124806831339
0.236033944291
1.930836670290
0.229107577208
1.799569788462
0.161410359477
1.861238403572
0.099714638397
1.920942916473
0.035340057233
1.979510992594
-0.032561416388
2.038910197743
-0.104081386988
2.102077308406
-0.178123841868
2.171706037458
-0.252843737003
2.249753891978
-0.325887631101
2.337339991747
-0.394517404267
2.434708297228
-0.455763397057
2.541186830554
-0.506645788232
2.655198455254
-0.544467429051
2.774379304981
-0.567121540647
2.895822720576
-0.573352273246
3.016415557501
-0.562889689219
3.133196887015
-0.536436888785
3.243664563239
-0.495513937942
3.345975564102
-0.442215791179
3.439032381726
-0.378939791518
3.522457680669
-0.308139343314
3.596500781989
-0.232132093691
3.661901611657
-0.152978896905
3.719748076795
-0.072428743978
3.771343108112
0.008085882913
3.818095563734
0.087412489344
3.861434279927
0.164623141512
3.902744555641
0.238944083439
3.943319218755
0.309687177849
3.984318887410
0.376181759515
4.026732477145
0.437720430873
4.071334766105
0.493516132928
4.118636313388
0.542684982427
4.168829362588
0.584256169294
4.221737465746
0.617221356078
4.276786677087
0.640634836849
4.333029483582
0.653758526254
4.389256801038
0.656230193768
4.444207424522
0.648186196868
4.496818882076
0.630250702823
4.546417389910
0.603377592419
4.592767900061
0.568617235173
4.636006462726
0.526926062019
4.676521468607
0.479068817697
4.714852608809
0.425608089134
4.751621514359
0.366935876434
4.787477606156
0.303312463899
4.823025439294
0.234885054732
4.858597807862
0.161660907676
4.893276645315
0.083432642218
5.114999770000
0.000000000000
5.309999940000
0.000000000000
5.505000110000
0.000000000000
5.646102221629
0.060773929826
5.592891307079
0.121162512246
5.541539028561
0.182120622378
5.492709077140
0.244646203601
5.447391306710
0.310321134226
5.404519347482
0.379709865337
5.362145281694
0.452784086746
5.318234147892
0.529229365087
5.270874352566
0.608491455989
5.218284210236
0.689724049105
5.158808825651
0.771717389592
5.090977863631
0.852837645900
5.013626836794
0.931000102722
4.926073798825
1.003703591219
4.828307479286
1.068154548862
4.721140572902
1.121493257972
4.606261395929
1.161103277268
4.486143445324
1.184948511267
4.363799262009
1.191852103566
4.242430567847
1.181640804147
4.125058575216
1.155127784957
4.014210676341
1.113945306877
3.911721052580
1.060289172312
3.818655422617
0.996636155662
3.735344985945
0.925495769138
3.661491924657
0.849219085259
3.596311218835
0.769882462145
3.538678426001
0.689236296606
3.487263175576
0.608708257726
3.440638495969
0.529441509143
3.397365623416
0.452356213081
3.356056400717
0.378217763623
3.315420848927
0.307709939605
3.274305844818
0.241498506552
3.231734602843
0.180288117727
3.186947769480
0.124858867012
3.139451797202
0.076084093875
3.089071158747
0.034913166977
3.035991882743
0.002319943767
2.980783134173
-0.020800638071
2.924361627583
-0.033773272333
2.867875960667
-0.036296921770
2.812504746279
-0.028542918088
2.759234509898
-0.011127796707
2.708709725970
0.015047554680
2.661231977236
0.049016646570
2.616908598503
0.089932556634
2.575982405903
0.137183867633
2.539649059178
0.190473346292
-2.244143977549
0.060268261789
-2.020299078753
0.070190357828
-1.796382923214
0.080074231722
-1.352002336214
0.098736469197
-1.131485697521
0.107817558570
-0.910893345314
0.116848194313
-0.690251487080
0.125833570534
-0.469577253769
0.134778501823
-0.248882705530
0.143685790518
-0.028176890867
0.152556812514
0.192532613248
0.161392004313
0.413238660874
0.170191051473
0.633933470569
0.178952749579
0.854607371844
0.187674469076
1.075247595922
0.196351042690
1.295836412865
0.204972661944
1.516348579487
0.213521511688
2.504138285244
0.550042994584
2.493856008286
0.850444046056
2.482876678477
1.150771496289
2.471525044639
1.450980013559
2.459965356073
1.751073108230
2.448290264890
2.051065768407
2.436559835935
2.350973183149
2.424817612707
2.650812131156
2.413095973703
2.950604737836
2.184187245428
3.241912210711
1.966952145306
3.233466858530
1.749698074097
3.225036528844
1.532419594649
3.216609859175
1.315115061484
3.208174197864
1.097785493949
3.199717518391
0.880434240029
3.191230019292
0.663065200344
3.182704231301
0.445682862047
3.174134822099
0.228291708934
3.165518231866
0.010896030947
3.156852336597
-0.206499846308
3.148136226786
-0.423891700078
3.139370109127
-0.641275125843
3.130555369659
-0.858645729563
3.121694743911
-1.075998999886
3.112792582371
-1.293330632137
3.103855107443
-1.510637250894
3.094890556929
-1.727916457771
3.085909112024
-1.945168554136
3.076922212172
-2.162396732302
3.067941506648
-2.379608284591
3.058976162137
-2.584474931450
2.750279270714
-2.572167330140
2.450507555488
-2.559877244046
2.150685484160
-2.547572038523
1.850791312083
-2.535206687710
1.550809721372
-2.522720372603
1.250728401847
-2.510024697912
0.950538919391
-2.496977661558
0.650254396711
-2.483314927500
0.349965121854
-2.504527341751
-0.014748008843
-2.549854155631
-0.075108800998
-2.599274345697
-0.130324293549
-2.651569795769
-0.180007617614
-2.706509810181
-0.223700876117
-2.764095351800
-0.260857155684
-2.824300949695
-0.290860943888
-2.886962430959
-0.313071324865
-2.951725877416
-0.326884718889
-3.018047507882
-0.331813391526
-3.085236853360
-0.327556356053
-3.152536590986
-0.314048336198
-3.219216670019
-0.291468834712
-3.284664598469
-0.260218748462
-3.348452013039
-0.220870674534
-3.410376037551
-0.174113560205
-3.470473246679
-0.120700482182
-3.529013504378
-0.061408877546
-3.586482302447
0.002982157617
-3.643552117972
0.071700608769
-3.701051748985
0.143972466276
-3.759930751816
0.219001883564
-3.821221842772
0.295944962090
-3.885997342862
0.373872423778
-3.955320158055
0.451738593219
-4.030185727208
0.528349972500
-4.111454283026
0.602344626323
-4.199775974488
0.672193477956
-4.295510052785
0.736218901238
-4.398649887632
0.792650358917
-4.508759249227
0.839705501541
-4.624940276035
0.875708033150
-4.745838025842
0.899220583547
-4.869702059098
0.909188069587
-4.994495221230
0.905059655812
-5.118055010866
0.886875855636
-5.238276284550
0.855291608454
-5.353299416004
0.811537115747
-5.461667114126
0.757313351484
-5.562432745965
0.694646321946
-5.655219606476
0.625725439624
-5.740232560471
0.552752071641
-5.818263299632
0.477815026197
-5.890700865183
0.402798335032
-5.959544935790
0.329302823367
-6.027256069376
0.258527501068
-6.096115203924
0.190991298672
-6.167045118118
0.126134619775
-6.239906637577
0.062892077323
-6.088611600000
0.000000000000
-5.863611700000
0.000000000000
-5.638611320000
0.000000000000
-5.375420554080
0.061344558596
-5.327766083652
0.117549051248
-5.275756277503
0.168218969983
-5.220751768232
0.213004130435
-5.163104361758
0.251435715329
-5.102932257891
0.282949210333
-5.040389110769
0.306930388138
-4.975769585657
0.322774908914
-4.909543805031
0.329962520681
-4.842337706324
0.328133905495
-4.774867729875
0.317143995092
-4.707855462271
0.297089664573
-4.641935479349
0.268293093666
-4.577582357949
0.231265833815
-4.515060335468
0.186650935556
-4.454400868758
0.135174363424
-4.395401272945
0.077597229215
-4.337639042722
0.014691492068
-4.280495372176
-0.052775909907
-4.223185699390
-0.124037653949
-4.164792577171
-0.198311005986
-4.104302418766
-0.274771511919
-4.040646403773
-0.352520280538
-3.972747547653
-0.430549015677
-3.899575978307
-0.507707606086
-3.820213730507
-0.582680147888
-3.733928797098
-0.653975849871
-3.640255140299
-0.719943308889
-3.539073356001
-0.778810952623
-3.430679705630
-0.828762418160
-3.315833548308
-0.868043406212
-3.195765662095
-0.895094076586
-3.072138326814
-0.908693812854
-2.946947777591
-0.908095848862
-2.822378082967
-0.893130807000
-2.700616171189
-0.864252703764
-2.583659086227
-0.822518191685
-2.473141500990
-0.769498099950
-2.370208434887
-0.707134037975
-2.275448603365
-0.637573397298
-2.188884002471
-0.563003473145
-2.109992818584
-0.485516394863
-2.037736509216
-0.407006713045
-1.970566660341
-0.329107080571
-1.906433806501
-0.253133778250
-1.842950396642
-0.179997793296
-1.778032684636
-0.109972965741
-1.711005976436
-0.042382637353
-1.642099352288
0.023776268972
2.361865654214
0.177996559391
2.180221750201
0.170797294447
1.992863122166
0.165909190205
2.403194745695
0.110640752034
2.231410889227
0.102340626201
2.051355815118
0.099728502782
2.448945140885
0.045877519236
2.281637526735
0.031520435346
2.107447571248
0.030215730295
2.499917205243
-0.014242812027
2.335072066621
-0.038731608181
2.163433703595
-0.042023881562
2.556432962018
-0.068224472335
2.393945506778
-0.105955418789
2.222566466542
-0.115066778176
2.618647738118
-0.114529709536
2.459453508182
-0.167993147064
2.287455068200
-0.186679714065
2.686316601583
-0.151510554858
2.532091363555
-0.222736907119
2.359800608784
-0.254538376942
2.758611805705
-0.177566089977
2.611656268861
-0.268083709166
2.440436987662
-0.316216276488
2.834099735833
-0.191403211650
2.697210937957
-0.302058799702
2.529352638318
-0.369225396632
2.910903039485
-0.192294336008
2.787127732644
-0.323043331241
2.625699892440
-0.411171406320
2.986997068276
-0.180205802964
2.879259964127
-0.330005187170
2.727845944987
-0.439987651332
3.060526015732
-0.155764316904
2.971219891888
-0.322650676308
2.833526372984
-0.454189288041
3.130038033732
-0.120092792706
3.060692764203
-0.301439323669
2.940096409584
-0.453066735935
3.194604820864
-0.074605225107
3.145714462114
-0.267469274370
3.044851427911
-0.436762122180
3.253839279812
-0.020812992906
3.224850904530
-0.222282459033
3.145335732066
-0.406208687723
3.307849886101
0.039817602526
3.297275996344
-0.167645831659
3.239589199559
-0.362958821226
3.357161330430
0.105957213364
3.362757044654
-0.105360572060
3.326286293337
-0.308953206328
3.402625700977
0.176452937016
3.421582715877
-0.037118850072
3.404770187576
-0.246287555907
3.445341635738
0.250326490448
3.474464495804
0.035577341905
3.475005980744
-0.177014197555
3.486582024021
0.326744181416
3.522431058919
0.111448496500
3.537478430341
-0.103007164147
3.527737949277
0.404961546644
3.566734940872
0.189424146526
3.593072619639
-0.025886242832
3.570269234946
0.484258213093
3.608773051393
0.268603173288
3.642955133814
0.052999318385
3.615659873869
0.563861427625
3.650023562355
0.348193046910
3.688472221604
0.132549445344
3.665366683581
0.642872272532
3.691992517549
0.427438294320
3.731067377377
0.211859323677
3.720757257303
0.720193734043
3.736164890082
0.505548332608
3.772218009067
0.290153602104
3.783027930761
0.794477840418
3.783952055614
0.581623703497
3.813384760122
0.366709509418
3.853100871313
0.864095599537
3.836628133126
0.654595791536
3.855965418967
0.440783753859
3.931503193949
0.927152627914
3.895250993018
0.723180190718
3.901246692983
0.511543343110
4.018240474065
0.981556068812
3.960566113065
0.785863074079
3.950346536118
0.578009096667
4.112688913660
1.025152361894
4.032898517205
0.840925454146
4.004142907253
0.639022159290
4.213535007409
1.055922801322
4.112046401980
0.886523478720
4.063189131639
0.693237098686
4.318801596232
1.072227447149
4.197200373691
0.920831190121
4.127621623820
0.739159749291
4.425982068286
1.073048333026
4.286917933171
0.942234880228
4.197073269408
0.775232504142
4.532288446975
1.058177492185
4.379190519984
0.949563493442
4.270616799185
0.799981037275
4.634971376730
1.028287247923
4.471622731563
0.942303166124
4.346769881765
0.812210971842
4.731653021887
0.984854946228
4.561713343418
0.920728601421
4.423604198310
0.811231931888
4.820586962894
0.929951284872
4.647190908625
0.885898374856
4.498983754634
0.797045252356
4.900793529607
0.865955480523
4.726310703727
0.839495843211
4.570900161309
0.770402066390
4.972055404931
0.795270867228
4.798037277259
0.783562645779
4.637808311132
0.732678968254
5.034815227431
0.720106079742
4.862073162151
0.720211088810
4.698833990258
0.685603869340
5.090024621074
0.642347797570
4.918768819498
0.651397981014
4.753793282804
0.630949443337
5.138990151820
0.563524331420
4.968966940396
0.578798275364
4.803073588348
0.570307871195
5.183257220934
0.484840930168
5.013841090835
0.503778353740
4.847456173091
0.504986536811
5.224540262647
0.407268105691
5.054753764956
0.427448290482
4.887948077640
0.436008915780
5.264704949651
0.331659980559
5.093153931400
0.350769939980
4.925635928591
0.364183217595
5.305779698791
0.258864682560
5.130530801405
0.274707607102
4.961555943230
0.290215441324
5.349905276815
0.189700610606
5.168527664196
0.200418186494
4.996550888114
0.214866273000
5.398693793492
0.124456396069
5.209540053653
0.129462461639
5.031202922851
0.139219739601
5.450716103108
0.061527712128
5.257556363964
0.063598862720
5.066925031514
0.065441444647
-2.259458715836
0.360297798276
-2.035766698095
0.370246041264
-1.812137058298
0.379975296742
-1.588499661550
0.389477005312
-1.368159198558
0.398634930024
-1.147829959317
0.407688897880
-0.927487809592
0.416690560978
-0.707131627954
0.425650961624
-0.486763687807
0.434574751959
-0.266387161842
0.443464107249
-0.046005145886
0.452319923378
0.174379375531
0.461142363782
0.394763540498
0.469931031733
0.615144650326
0.478684807636
0.835520468857
0.487401295101
1.055889395276
0.496075660790
1.276251501749
0.504698471636
1.496610729539
0.513251533473
1.716976917706
0.521697829718
1.913724875164
0.529052718236
2.110478434247
0.536239157103
2.307263269774
0.543282136298
-2.273878645572
0.660189268228
-2.050732499166
0.670023028371
-1.827607783864
0.679675807307
-1.604505011467
0.689142645014
-1.384356735529
0.698331233495
-1.164239870811
0.707414261723
-0.944145518027
0.716424595452
-0.724062761356
0.725383704358
-0.503985541956
0.734301059055
-0.283910467902
0.743181005498
-0.063835388876
0.752025470283
0.156241174143
0.760835044029
0.376320673158
0.769609365163
0.596404950580
0.778347034242
0.816496641738
0.787045091645
1.036599672751
0.795697965914
1.256719989108
0.804295689271
1.476865345500
0.812820989644
1.697044550371
0.821244787653
1.896226046438
0.828732505968
2.095428504896
0.836095878507
2.294643702920
0.843337782951
-2.287652981333
0.960152052070
-2.065219648034
0.969771042586
-1.842761283864
0.979312006815
-1.620307388975
0.988732860883
-1.400438093351
0.997929957830
-1.180596828651
1.007033809442
-0.960781929276
1.016062852597
-0.740987637115
1.025032311116
-0.521207280555
1.033952519058
-0.301435167429
1.042829277930
-0.081666635459
1.051665548608
0.138102406899
1.060462515835
0.357875888241
1.069220062653
0.577657885954
1.077936813715
0.797452832026
1.086609823251
1.017265772010
1.095233946019
1.237102063079
1.103800924029
1.456966609780
1.112298424857
1.676862008278
1.120709893426
1.878369426104
1.128324432390
2.079886539424
1.135857890955
2.281396944356
1.143327269445
-2.301071533423
1.260111925945
-2.079374908236
1.269544760500
-1.857646503714
1.278958643460
-1.635907009487
1.288310399788
-1.416371968173
1.297492537426
-1.196853486997
1.306599814462
-0.977354650764
1.315638765915
-0.757873860420
1.324617141504
-0.538407412529
1.333541683945
-0.318950456073
1.342417261176
-0.099498284033
1.351246827178
0.119953770074
1.360031818942
0.339410196700
1.368772446123
0.558875398931
1.377467792384
0.778353713355
1.386115740965
0.997849133074
1.394712795220
1.217364845141
1.403253970195
1.436902425914
1.411733132578
1.656460120247
1.420144627619
1.860243608109
1.427889484308
2.064025897223
1.435589075752
2.267791901203
1.443269638885
-2.314284071267
1.560035385959
-2.093328869967
1.569324792065
-1.872346465531
1.578625445983
-1.651347833305
1.587899925698
-1.432176843137
1.597050559692
-1.213011310044
1.606145409044
-0.993855810083
1.615182084830
-0.774711799342
1.624161714823
-0.555577998176
1.633086729447
-0.336451671025
1.641959596673
-0.117329321083
1.650782224426
0.101792814516
1.659555772567
0.320918503619
1.668280666645
0.540051331938
1.676956658560
0.759194504160
1.685582899410
0.978350566038
1.694158081055
1.197520606934
1.702680785289
1.416704121139
1.711150387877
1.635897176061
1.719568939656
1.841935935930
1.727443117856
2.047966954057
1.735297169404
2.253979807784
1.743159287067
-2.327380816773
1.859911106037
-2.107168587455
1.869094577598
-1.886935065313
1.878302298062
-1.666684903198
1.887503694439
-1.447890698930
1.896616521397
-1.229093803099
1.905688956045
-1.010298631126
1.914713420759
-0.791507777910
1.923686247931
-0.572721635964
1.932606145633
-0.353939415625
1.941473039296
-0.135159222073
1.950287361533
0.083621163581
1.959049633359
0.302404169631
1.967760304620
0.521191980344
1.976419744200
0.739986376262
1.985028375352
0.958788417234
1.993586964125
1.177597992742
2.002097149838
1.396413201267
2.010562372686
1.615229964567
2.018989427861
1.823516611966
2.026987334530
2.031792324203
2.034980405895
2.240051366808
2.042994746776
-2.340422282456
2.159736595331
-2.120954407731
2.168843157222
-1.901469585469
2.177976935560
-1.681968975971
2.187113990340
-1.463555055423
2.196189595817
-1.245132922215
2.205235482475
-1.026706148421
2.214241663004
-0.808277323764
2.223201603561
-0.589847896986
2.232111379413
-0.371418382221
2.240968875535
-0.152988533299
2.249773155219
0.065442297610
2.258524024460
0.283874877099
2.267221801462
0.502309880903
2.275867278452
0.720747713222
2.284461865535
0.939188111452
2.293007912224
1.157629984596
2.301509245843
1.376071093937
2.309971940160
1.594507933916
2.318405336857
1.805041237092
2.326519362571
2.015562216326
2.334636369122
2.226068262745
2.342778540203
-2.353453937488
2.459515349329
-2.134731850167
2.468565502102
-1.915995490110
2.477640350387
-1.697243190387
2.486722077522
-1.479208948292
2.495763944682
-1.261162165086
2.504782773343
-1.043105335246
2.513767765168
-0.825040832074
2.522710970653
-0.606970658546
2.531606936112
-0.388896363151
2.540452215426
-0.170819216651
2.549244881260
0.047259850332
2.557984149188
0.265339986475
2.566670143851
0.483420257983
2.575303848403
0.701499611605
2.583887245707
0.919576657319
2.592423634777
1.137649629046
2.600918115867
1.355716065624
2.609378171810
1.573773216292
2.617814266464
1.786554780100
2.626036983015
1.999322335616
2.634265646122
2.212075395038
2.642517702842
-2.366509667617
2.759257155570
-2.148537331547
2.768262945913
-1.930550648468
2.777288846724
-1.712546362694
2.786322076783
-1.494889836601
2.795333605715
-1.277215609853
2.804325915225
-1.059525351713
2.813288252304
-0.841821395867
2.822212221263
-0.624106539777
2.831091708506
-0.406383422051
2.839922606126
-0.188654738917
2.848702435486
0.029076920452
2.857430030717
0.246809017933
2.866105329543
0.464539035369
2.874729322713
0.682264267142
2.883304170576
0.899982133816
2.891833507932
1.117689822479
2.900322852934
1.335384594087
2.908780085883
1.553064134418
2.917215799804
1.768095024182
2.925541411645
1.983109185734
2.933873141495
2.198107826075
2.942224497173
-1.865667162111
0.012736984402
-2.085048265632
0.001166009760
-2.298621403987
-0.008832038620
-1.932100089076
-0.056511424304
-2.145036224887
-0.070341779353
-2.348469052072
-0.080448681209
-1.995512912959
-0.128410672094
-2.201959715291
-0.144421308701
-2.400749697345
-0.150476544878
-2.056835069449
-0.203132110509
-2.259735038733
-0.218962202114
-2.456642523383
-0.217088936070
-2.118612586307
-0.279567231426
-2.320664993565
-0.292042625341
-2.516572404399
-0.279109208798
-2.183271186626
-0.356200145043
-2.386106285010
-0.362037994724
-2.580877362595
-0.335477976336
-2.252666292596
-0.431432685964
-2.456910806342
-0.427447308504
-2.649749780091
-0.385101587679
-2.328083375540
-0.503613344617
-2.533530657348
-0.486782332034
-2.723123463200
-0.426846932413
-2.410286702763
-0.571010520947
-2.616007354908
-0.538544306804
-2.800601422321
-0.459604739293
-2.499535793859
-0.631827073313
-2.703948873815
-0.581278086339
-2.881441497710
-0.482395881130
-2.595581112808
-0.684264257893
-2.796532142480
-0.613670647705
-2.964602841544
-0.494482140176
-2.697669889834
-0.726634018208
-2.892556020352
-0.634671387710
-3.048847937038
-0.495458247032
-2.804585593236
-0.757491106201
-2.990542004594
-0.643596629481
-3.132876010313
-0.485294789196
-2.914737457215
-0.775765703320
-3.088875153040
-0.640199082919
-3.215462715338
-0.464331385088
-3.026294008001
-0.780862136943
-3.185958284604
-0.624681003003
-3.295577022508
-0.433221107465
-3.137348395702
-0.772709021175
-3.280358020355
-0.597656808876
-3.372463257476
-0.392852026773
-3.246086639655
-0.751747522331
-3.370918241681
-0.560073068960
-3.445683029915
-0.344256898833
-3.350935640262
-0.718864618943
-3.456831076387
-0.513106298940
-3.515121511976
-0.288531508373
-3.450672048470
-0.675290201140
-3.537666742710
-0.458058984746
-3.580969602909
-0.226770339326
-3.544481573068
-0.622473266954
-3.613363559526
-0.396266413320
-3.643686313183
-0.160022780707
-3.631973357048
-0.561962786023
-3.684193972664
-0.329026518462
-3.703955217090
-0.089272329538
-3.713154512545
-0.495305654391
-3.750712946285
-0.257554986553
-3.762636507868
-0.015435446942
-3.788379733151
-0.423971985088
-3.813701048816
-0.182964569956
-3.820720863959
0.060622676827
-3.858285799184
-0.349309836752
-3.874105773907
-0.106268386754
-3.879283945708
0.138061663533
-3.923723386504
-0.272527850980
-3.932987592981
-0.028397758990
-3.939442842603
0.216027582653
-3.985691070024
-0.194700711049
-3.991469401823
0.049767381451
-4.002310850156
0.293618142777
-4.045275674677
-0.116791541411
-4.050689195267
0.127360327346
-4.068948524594
0.369841616511
-4.103599399018
-0.039685086694
-4.111753745706
0.203491431517
-4.140309270057
0.443591061460
-4.161772342388
0.035774034103
-4.175690754896
0.277211621309
-4.217177910671
0.513622947331
-4.220848120206
0.108742851496
-4.243397440652
0.347484041588
-4.300104906900
0.578563042509
-4.281780056815
0.178347977837
-4.315585954084
0.413173920527
-4.389338765359
0.636928289636
-4.345376258450
0.243658674417
-4.392725540593
0.473049511527
-4.484767181420
0.687185227895
-4.412253342898
0.303680399583
-4.474988560804
0.525813492932
-4.585873577172
0.727829044085
-4.482790709786
0.357357854268
-4.562204405791
0.570151842033
-4.691726620463
0.757493701983
-4.557088967989
0.403606702876
-4.653834416668
0.604814577634
-4.801007758047
0.775070205830
-4.634940068892
0.441361677641
-4.748974185117
0.628707792816
-4.912085638424
0.779821852895
-4.715816683586
0.469645087125
-4.846398293193
0.640999664081
-5.023139660465
0.771477291877
-4.798891794130
0.487652943422
-4.944642791482
0.641210922641
-5.132310034536
0.750276730581
-4.883092093630
0.494837351102
-5.042131149841
0.629282984940
-5.237867575882
0.716965799383
-4.967193060547
0.490979799667
-5.137318688086
0.605595914292
-5.338364166399
0.672730651156
-5.049940430886
0.476226409413
-5.228843864633
0.570938939830
-5.432757197827
0.619092986333
-5.130188364054
0.451079903266
-5.315653184364
0.526431388225
-5.520483681014
0.557783962176
-5.207017119239
0.416336980375
-5.397084693973
0.473417722039
-5.601504752423
0.490629081745
-5.279813970428
0.372993238951
-5.472908635326
0.413367120156
-5.676327161837
0.419468062477
-5.348288089884
0.322134426936
-5.543327793304
0.347809271457
-5.746046302000
0.346127327574
-5.412426077891
0.264855746847
-5.608988622035
0.278343989967
-5.812415691460
0.272435368568
-5.472386026408
0.202245070151
-5.671094956419
0.206754234459
-5.877872262889
0.200190802276
-5.528433975115
0.135521587436
-5.731872097533
0.135207704510
-5.945117209371
0.130808769312
-5.581576241514
0.066606445801
-5.795304143201
0.066192984025
-6.015379803758
0.064330990881
