2.559510705385
0.052533675117
1.783139959789
0.078184387739
4.920000080000
0.000000000000
5.699999810000
0.000000000000
-2.423475969118
0.194641080032
-1.527129432180
0.172984944371
2.653679693863
3.053982027514
-2.346603909906
3.196484379270
-6.313611510000
0.000000000000
-5.413611410000
0.000000000000
2.365243783518
0.059151745059
2.171249541727
0.065556357526
1.977259403128
0.071978554090
1.841723682235
0.013456831708
1.899152497044
-0.052280852430
1.954452494905
-0.120517808961
2.008328532870
-0.192174065131
2.062639718669
-0.267548451860
2.120352605437
-0.345839358101
2.184316952856
-0.425487350954
2.256753715162
-0.504360337842
2.339135003224
-0.579837511430
2.432114516613
-0.648923827320
2.535430130893
-0.708441203738
2.647837174425
-0.755318422724
2.767148081232
-0.786938110949
2.890423501591
-0.801477310880
3.014304032324
-0.798141344542
3.135413819333
-0.777236653859
3.250743827729
-0.740063117293
3.357934091584
-0.688676365540
3.455426600675
-0.625585127198
3.542480268401
-0.553455876600
3.619092157722
-0.474868805400
3.685856202732
-0.392151583363
3.743803883342
-0.307291006583
3.794250252049
-0.221907484256
3.838665056298
-0.137281016478
3.878571237579
-0.054403729371
3.915471919145
0.025947610649
3.950798066180
0.103137418152
3.985871484211
0.176594758645
4.021872676490
0.245747322469
4.059809058709
0.309962316932
4.100475326445
0.368506632273
4.144405660723
0.420526156023
4.191818676061
0.465055092220
4.242562528112
0.501067851066
4.296080447666
0.527577785119
4.351427608885
0.543789607069
4.407376426094
0.549278870496
4.462622484606
0.544122989227
4.516041294886
0.528904924731
4.566884988316
0.504556797802
4.614843601621
0.472128589800
4.659978292891
0.432588582193
4.702605957215
0.386723261758
4.743189984265
0.335119254414
4.782248495298
0.278187379264
4.820256503556
0.216189588664
4.857416178696
0.149234347807
4.892772918646
0.077225275383
5.114999770000
0.000000000000
5.309999940000
0.000000000000
5.505000110000
0.000000000000
5.644084215792
0.061344213093
5.589119937279
0.122678345222
5.536204253490
0.185108006581
5.485613826019
0.249588542082
5.437576392025
0.317383353229
5.390560784094
0.388789924492
5.342399415675
0.463521328536
5.290963073078
0.540949566594
5.234322127639
0.620128113458
5.170762894545
0.699740750032
5.098825296714
0.778048854698
5.017410732649
0.852872422076
4.925942813357
0.921634410026
4.824550269752
0.981495745188
4.714205822631
1.029592091885
4.596764502491
1.063351535470
4.474850119622
1.080831339527
4.351593930648
1.080991151226
4.230269245671
1.063824195490
4.113912723345
1.030316027791
4.005015921827
0.982261278136
3.905333979106
0.921989505278
3.815825494039
0.852075303115
3.736699773642
0.775081823214
3.667535865068
0.693376392077
3.607433462355
0.609016771738
3.555165473125
0.523708340373
3.509313303301
0.438812367284
3.468375179392
0.355391491631
3.430846704387
0.274274203308
3.395278876841
0.196130006470
3.360319402119
0.121542458079
3.324745716426
0.051081364308
3.287496534505
-0.014638253181
3.247710412828
-0.074906738391
3.204771461919
-0.128893906337
3.158365427007
-0.175646366465
3.108539687501
-0.214126574257
3.055748764585
-0.243295339255
3.000862652737
-0.262255572789
2.945092163615
-0.270432395257
2.889808857778
-0.267740127167
2.836282907670
-0.254636943607
2.785450856453
-0.232008870726
2.737818466986
-0.200931703119
2.693534519970
-0.162435550839
2.652588302954
-0.117357097179
2.615150953457
-0.066283781522
2.582388531701
-0.009555649502
-2.199226253599
0.189592879858
-1.975230382818
0.184263214505
-1.751190529000
0.178820300078
-1.306669313391
0.166956195770
-1.086077441109
0.160901092563
-0.865405794945
0.154793386020
-0.644683126076
0.148638196382
-0.423927777410
0.142440773268
-0.203152497482
0.136204303231
0.017633238510
0.129930456610
0.238421569876
0.123619917839
0.459205141122
0.117272607954
0.679975983602
0.110887583941
0.900724209581
0.104462547600
1.121436734316
0.097992757525
1.342095307552
0.091468963801
1.562673817740
0.084874066952
2.571212339101
0.352770252007
2.581536759187
0.653234206653
2.591152503658
0.953649440564
2.600386409397
1.253958346813
2.609404406471
1.554157700996
2.618300952697
1.854258535964
2.627137746143
2.154273468424
2.635959855417
2.454217532377
2.644801075766
2.754111775726
2.436385872775
3.060416315862
2.219084733460
3.066872641805
2.001765894440
3.073347005429
1.784422653088
3.079828309442
1.567052105720
3.086303773051
1.349654177292
3.092760923286
1.132231380193
3.099189312993
0.914787028674
3.105580790786
0.697325237916
3.111929326469
0.479850293495
3.118230696948
0.262366427451
3.124482165674
0.044878027401
3.130682247000
-0.172610508468
3.136830620876
-0.390094481231
3.142928184122
-0.607569070820
3.148977246006
-0.825029194759
3.154981800324
-1.042469826284
3.160947819932
-1.259886727962
3.166883460355
-1.477276536956
3.172798990746
-1.694638570196
3.178706202599
-1.911975133945
3.184617330900
-2.129292963586
3.190542318080
-2.354811783442
2.896594896227
-2.363055546531
2.596685299518
-2.371321094966
2.296725640418
-2.379576316881
1.996691150190
-2.387776120465
1.696562342012
-2.395858847793
1.396320889683
-2.403733533999
1.095949001418
-2.411250693861
0.795444215982
-2.418125693772
0.494868567126
-2.464138650576
0.131128861121
-2.513299797314
0.072593543106
-2.566034521281
0.019268992156
-2.621160455134
-0.028564687964
-2.678481178194
-0.070495185162
-2.738030566617
-0.106010715339
-2.799820786644
-0.134535105457
-2.863736182248
-0.155473482300
-2.929486964547
-0.168271424229
-2.996610948580
-0.172486367946
-3.064514266719
-0.167850805041
-3.132544807285
-0.154315978339
-3.200077968758
-0.132060096610
-3.266599290400
-0.101468490214
-3.331765855679
-0.063090283576
-3.395445348523
-0.017590308361
-3.457729918975
0.034296414633
-3.518931056504
0.091798994791
-3.579563034754
0.154129303337
-3.640314738947
0.220488102909
-3.702018123534
0.290054531371
-3.765610271461
0.361966156831
-3.832091968792
0.435294064698
-3.902478572579
0.509008763592
-3.977744917090
0.581954779183
-4.058760929245
0.652827934087
-4.146218943067
0.720167033120
-4.240557558192
0.782370872396
-4.341884449055
0.837735440684
-4.449913103430
0.884528573441
-4.563918908305
0.921087783559
-4.682735776933
0.945947554445
-4.804794402530
0.957970767125
-4.928218356346
0.956475425713
-5.050960310329
0.941325416330
-5.170977246724
0.912973826073
-5.286407423666
0.872438032546
-5.395733223441
0.821216978906
-5.497897058455
0.761157535780
-5.592362417801
0.694299101276
-5.679129249931
0.622721705697
-5.758712367091
0.548419205346
-5.832125363771
0.473206899597
-5.900876633008
0.398662785168
-5.966964484048
0.326078451115
-6.032699685609
0.256360329273
-6.100053322600
0.189763453847
-6.169579516512
0.125537467502
-6.241085190804
0.062664556645
-6.088611600000
0.000000000000
-5.863611700000
0.000000000000
-5.638611320000
0.000000000000
-5.375208926385
0.064388925769
-5.327833976436
0.123958046261
-5.276617372188
0.178352269785
-5.222806875249
0.227264512946
-5.166621888380
0.270274825402
-5.108035072078
0.306865668123
-5.047037603956
0.336453123990
-4.983748779017
0.358429606234
-4.918465166408
0.372224968062
-4.851663075476
0.377380647077
-4.783954764026
0.373613945785
-4.716016948910
0.360866232306
-4.648499617617
0.339309874222
-4.581943986131
0.309330859203
-4.516716610152
0.271481579907
-4.452971397959
0.226434688435
-4.390634488104
0.174931970071
-4.329409332974
0.117753217066
-4.268794243746
0.055692198002
-4.208110544528
-0.010446407124
-4.146535030616
-0.079839668928
-4.083137644440
-0.151626912852
-4.016923671989
-0.224882759529
-3.946881754393
-0.298586920075
-3.872039190595
-0.371595585743
-3.791525443795
-0.442620227375
-3.704643374826
-0.510220019043
-3.610944885954
-0.572815945705
-3.510306087176
-0.628728870746
-3.402990369973
-0.676249681037
-3.289690654132
-0.713737809530
-3.171534912500
-0.739742251172
-3.050047459104
-0.753132924860
-2.927057959742
-0.753221699907
-2.804567383694
-0.739854772859
-2.684579545773
-0.713452636322
-2.568926548650
-0.674990358382
-2.459112630871
-0.625917509743
-2.356198030829
-0.568028935813
-2.260736441633
-0.503316579289
-2.172761766821
-0.433819866937
-2.091803604854
-0.361504396381
-2.016905495106
-0.288170585348
-1.946625736904
-0.215398514616
-1.879045783861
-0.144499171963
-1.811935838101
-0.076417207579
-1.743381449471
-0.011457870649
-1.672819576126
0.051081579187
-1.600425789860
0.112186913082
2.404376007035
-0.008822690253
2.222413753897
-0.003383846116
2.034989257604
0.004689364394
2.441122557698
-0.079243383744
2.269085691671
-0.075248026629
2.089025571241
-0.065320411011
2.482111142008
-0.147611352410
2.314366472814
-0.149557094686
2.140391134242
-0.138507984746
2.528334988589
-0.211977686843
2.362609882684
-0.223753044039
2.191289932864
-0.214525021098
2.580302163119
-0.270913043887
2.416266440985
-0.295599347205
2.245063736942
-0.291761499704
2.638408604176
-0.322905170757
2.476790947029
-0.363065872087
2.304514012180
-0.368240957455
2.702698022695
-0.366233775348
2.544987201217
-0.424075882184
2.371610800035
-0.441808836700
2.772621393873
-0.399079488089
2.620986751535
-0.476430830289
2.447518445203
-0.510099800935
2.846919761241
-0.419785490008
2.704154973735
-0.517910907208
2.532586883362
-0.570551362711
2.923702562793
-0.427186641762
2.793057825071
-0.546515243449
2.626307107793
-0.620540497866
3.000726689988
-0.420850899738
2.885567375063
-0.560752744834
2.727292223318
-0.657625531048
3.075770511039
-0.401136513239
2.979117643081
-0.559885495649
2.833364997876
-0.679847364318
3.146959676085
-0.369056884675
3.071051557591
-0.544030316809
2.941773361169
-0.686002487566
3.212962328773
-0.326051735990
3.158968993918
-0.514094343513
3.049521620480
-0.675808212232
3.273049476657
-0.273746728251
3.240983225342
-0.471584134628
3.153732353226
-0.649909677961
3.327063417197
-0.213763429768
3.315859008416
-0.418356552936
3.251967684910
-0.609736975210
3.375334818302
-0.147588439317
3.383031704803
-0.356381217278
3.342439712009
-0.557263705985
3.418581743641
-0.076505342374
3.442544982255
-0.287549823504
3.424096122364
-0.494735995257
3.457814663186
-0.001577285258
3.494945474186
-0.213555413813
3.496599523902
-0.424424890784
3.494252066520
0.076334969798
3.541162197525
-0.135831735589
3.560228731233
-0.348443902057
3.529257366727
0.156524727679
3.582396831499
-0.055548698422
3.615748122142
-0.268634658443
3.564288526296
0.238377625519
3.620030911201
0.026357585666
3.664270502972
-0.186523927176
3.600859967084
0.321295633019
3.655555033288
0.109128070288
3.707136533981
-0.103329010528
3.640504594896
0.404619711212
3.690514734460
0.192109241603
3.745817547887
-0.020004061007
3.684731949235
0.487548562672
3.726467600358
0.274677752144
3.781843622399
0.062695965146
3.734970359203
0.569067286409
3.764943810129
0.356159557298
3.816751591076
0.144136236549
3.792489069946
0.647886411090
3.807400509214
0.435756795121
3.852044583881
0.223723274893
3.858295447973
0.722411520476
3.855164298537
0.512479876647
3.889155786018
0.300826160860
3.933011481700
0.790749443904
3.909354704030
0.585101260769
3.929407493962
0.374704796123
4.016741522949
0.850776408773
3.970788297913
0.652133939222
3.973958081361
0.444453392185
4.108953193451
0.900267555279
4.039867363347
0.711853970703
4.023733559772
0.508960523042
4.208406621646
0.937099155556
4.116467112421
0.762379693520
4.079342262055
0.566902862445
4.313166296243
0.959496948750
4.199844202979
0.801809730825
4.140979045220
0.616776260294
4.420727626305
0.966293928628
4.288601726867
0.828425736458
4.208332486959
0.656983432341
4.528256042416
0.957132078832
4.380745054495
0.840932012174
4.280517847277
0.685978596050
4.632914183161
0.932553249486
4.473852125196
0.838681063581
4.356072693218
0.702471523819
4.732203075901
0.893936350819
4.565356943915
0.821824268138
4.433057680472
0.705664132941
4.824239053427
0.843296205491
4.652888957869
0.791321968047
4.509288004843
0.695450400090
4.907901498227
0.782997580255
4.734585387652
0.748795272027
4.582674749079
0.672493927858
4.982846682268
0.715468213028
4.809284379012
0.696261763009
4.651571380821
0.638115123527
5.049416738774
0.642972440087
4.876570347010
0.635846768968
4.714991667822
0.594019733986
5.108494098282
0.567477819102
4.936690519583
0.569551035118
4.772643487370
0.541990917802
5.161361865918
0.490615202558
4.990406415432
0.499119584225
4.824812748081
0.483656728595
5.209600010716
0.413718259968
5.038829922088
0.426014486948
4.872186082938
0.420380867505
5.255040704999
0.337918988167
5.083288911803
0.351474700803
4.915667249510
0.353259821312
5.299770692406
0.264263497223
5.125250289528
0.276646477411
4.956211864104
0.283197973485
5.346102872791
0.193734940977
5.166391611687
0.202778797189
4.994664763300
0.211046039463
5.396053036084
0.126865491746
5.209107927272
0.131464370607
5.031672409640
0.137858265967
5.449160040710
0.062538745260
5.257337063438
0.064531935282
5.068554215339
0.065605532939
-2.194100924910
0.489947779696
-1.970239609121
0.484637592304
-1.746460608042
0.479069834447
-1.522701050318
0.473236878415
-1.302265354827
0.467269794395
-1.081850649185
0.461198904957
-0.861424731560
0.455077361880
-0.640985420362
0.448915167069
-0.420534885661
0.442716332370
-0.200076400652
0.436482695798
0.020386799553
0.430214955367
0.240851602145
0.423913150269
0.461315035960
0.417576787532
0.681774294662
0.411204637017
0.902226991949
0.404794114993
1.122671247952
0.398340061579
1.343106560917
0.391832441035
1.563535668969
0.385251940991
1.783965763338
0.378559654485
1.980758750140
0.372393036785
2.177545022956
0.366050014414
2.374348199529
0.359553722894
-2.188003241500
0.790131309364
-1.964702298426
0.784711328291
-1.741428972595
0.779096270020
-1.518193431045
0.773275758971
-1.297931484076
0.767365432157
-1.077713835333
0.761345101577
-0.857526228244
0.755251646266
-0.637354223051
0.749107568804
-0.417190232389
0.742922169040
-0.197030182755
0.736699407930
0.023128383227
0.730440827004
0.243287070445
0.724146669452
0.463447352923
0.717816230745
0.683611005913
0.711447733646
0.903780475087
0.705037759141
1.123959288775
0.698580139069
1.344152629142
0.692064104406
1.564366855367
0.685471392996
1.784608314038
0.678771852642
1.983836627651
0.672575649971
2.183075570523
0.666251373985
2.382315085713
0.659805580275
-2.181230137360
1.090341006320
-1.958657307457
1.084736374938
-1.736059903298
1.079045744997
-1.513474341328
1.073225118036
-1.293485404083
1.067348576575
-1.073534495550
1.061374154364
-0.853618012439
1.055322778991
-0.633727943303
1.049211161841
-0.413855909052
1.043050125509
-0.193995180903
1.036845414795
0.025859496537
1.030599723983
0.245712532266
1.024313891884
0.465567985024
1.017987416377
0.685429905397
1.011618502653
0.905302527225
1.005203747137
1.125190472726
0.998737499402
1.345098360222
0.992210991120
1.565029925993
0.985611482307
1.784986089331
0.978922369507
1.986541805771
0.972698376129
2.188099766007
0.966393278316
2.389643823175
0.960028277746
-2.174090152782
1.390521006501
-1.952266090961
1.384769761791
-1.730408171073
1.378995134957
-1.508541936060
1.373152543441
-1.288887161031
1.367285802714
-1.069255730597
1.361340302640
-0.849650551880
1.355323855133
-0.630069177909
1.349245224799
-0.410506898893
1.343111760569
-0.190958017590
1.336928519178
0.028582766906
1.330698396512
0.248120489674
1.324422623412
0.467659824020
1.318101137255
0.687205191655
1.311732720893
0.906760783043
1.305314955810
1.126330262771
1.298844089332
1.345916285078
1.292314997705
1.565519692538
1.285721650542
1.785137891685
1.279058980627
1.988972175928
1.272813328247
2.192800610089
1.266524425762
2.396609642766
1.260221791399
-2.166741396837
1.690648301357
-1.945667283387
1.684798137840
-1.724562948341
1.678956749545
-1.503442804984
1.673085481522
-1.284154225523
1.667212179297
-1.064875451798
1.661279841506
-0.845611677156
1.655286650732
-0.626364370360
1.649234336652
-0.407131929151
1.643125778684
-0.187911187245
1.636963705861
0.031301745511
1.630750111852
0.250510923414
1.624486121680
0.469720287300
1.618172061477
0.688933477289
1.611807567844
0.908153636831
1.605391705783
1.127383140974
1.598923161265
1.346622819440
1.592400685090
1.565871878548
1.585824063755
1.785126215209
1.579196211412
1.991218904860
1.572928266050
2.197301332302
1.566643043902
2.403365054473
1.560370921085
-2.159277662872
1.990718298890
-1.938952164851
1.984809566695
-1.718602203625
1.978923607890
-1.498234911619
1.973028766773
-1.279325678880
1.967142906181
-1.060416503938
1.961213812104
-0.841512711894
1.955234115784
-0.622617357681
1.949200467239
-0.403730967038
1.943111867506
-0.184852689169
1.936968492545
0.034019515308
1.930770935685
0.252888017387
1.924519824463
0.471755364200
1.918215674873
0.690623809968
1.911858930444
0.909495157633
1.905450131044
1.128370458148
1.898990248663
1.347249597874
1.892481278492
1.566130750090
1.885927244726
1.785010119155
1.879335822405
1.993353915825
1.873039550061
2.201685637292
1.866741477030
2.410001508154
1.860468996627
-2.151761105783
2.290733167108
-1.932183442785
2.284796622785
-1.712585890614
2.278886235797
-1.492971403738
2.272977144772
-1.274444637402
2.267079492130
-1.055911419644
2.261149504082
-0.837376305578
2.255177207452
-0.618842551753
2.249156205174
-0.400312004110
2.243082769625
-0.181785372086
2.236955005958
0.036737527267
2.230772191385
0.255257352761
2.224534338936
0.473774917579
2.218241977306
0.692290961710
2.211896130480
0.910805972412
2.205498485331
1.129319808008
2.199051755824
1.347831574746
2.192560249394
1.566339369085
2.186030672491
1.784840248209
2.179473167633
1.995433637100
2.173140312689
2.206014340958
2.166813392559
2.416581463140
2.160515254801
-2.144237950281
2.590699930678
-1.925408024599
2.584757132810
-1.706561246745
2.578838052851
-1.487697223254
2.572924055703
-1.269551622940
2.567018147985
-1.051394637117
2.561086644314
-0.833229737329
2.555118646243
-0.615060052520
2.549106246502
-0.396888127050
2.543044137310
-0.178715866816
2.536929087535
0.039455244219
2.530759437555
0.257624168912
2.524534696761
0.475790028690
2.518255314446
0.693951929258
2.511922636465
0.912108927775
2.505539052270
1.130259836111
2.499108333393
1.348403217347
2.492636127870
1.566537114414
2.486130564100
1.784659508666
2.479602808725
1.997503573421
2.473225290494
2.210333667526
2.466856619553
2.423150680458
2.460514491407
-2.136742313888
2.890631052758
-1.918663133822
2.884694796383
-1.700567326454
2.878777478641
-1.482452523390
2.872865632484
-1.264685347710
2.866954817530
-1.046901213670
2.861022082613
-0.829102748523
2.855056518009
-0.611293086694
2.849049740024
-0.393475654613
2.842995795438
-0.175653556541
2.836890825454
0.042170188326
2.830732683686
0.259992787940
2.824520589789
0.477811604207
2.818254910880
0.695624115564
2.811937106411
0.913427717074
2.805569857999
1.131220056406
2.799157354758
1.348998708711
2.792705727572
1.566761525034
2.786223500188
1.784507017555
2.779721893899
1.999602056348
2.773293445472
2.214680566013
2.766874062227
2.429744946970
2.760477297271
-1.824032260999
0.116633917897
-2.043847782908
0.120133354947
-2.258165302760
0.124637130196
-1.894200397844
0.052445216088
-2.107967573309
0.053300707010
-2.312161748855
0.056485631174
-1.961518412629
-0.014486823456
-2.168914474997
-0.016446685216
-2.368166321365
-0.010285500596
-2.026711107580
-0.084401666333
-2.230378658034
-0.086865491397
-2.427288582409
-0.073786768522
-2.092106751583
-0.156152067500
-2.294522762986
-0.155972945701
-2.489913579527
-0.132839799914
-2.159959837715
-0.228180299209
-2.362616114635
-0.222135284751
-2.556361471100
-0.186403646177
-2.232005649679
-0.298881353912
-2.435460365569
-0.283876283216
-2.626827027321
-0.233423782732
-2.309450235493
-0.366637825389
-2.513488398208
-0.339761310431
-2.701269624611
-0.272826055149
-2.393011940447
-0.429789063554
-2.596753216046
-0.388369178601
-2.779345395301
-0.303573307426
-2.482937475524
-0.486637809580
-2.684907707911
-0.428337479954
-2.860395422961
-0.324760322152
-2.579001135165
-0.535503387260
-2.777209080402
-0.458448597908
-2.943489959914
-0.335711378405
-2.680514150108
-0.574820461286
-2.872569962581
-0.477735613759
-3.027522592290
-0.336061019166
-2.786364032508
-0.603255920094
-2.969651882882
-0.485573797181
-3.111331780031
-0.325790906830
-2.895098418296
-0.619826799120
-3.066994403052
-0.481741438477
-3.193827952449
-0.305223432840
-3.005047388616
-0.623987781178
-3.163155444033
-0.466430654097
-3.274100167718
-0.274972024209
-3.114474025504
-0.615675964729
-3.256844415972
-0.440213966674
-3.351491892387
-0.235871765752
-3.221727380203
-0.595300497818
-3.347026147394
-0.403972956744
-3.425640765682
-0.188898917668
-3.325377654066
-0.563683072813
-3.432986815067
-0.358807079976
-3.496485826831
-0.135098117034
-3.424316595633
-0.521966159421
-3.514362926550
-0.305940842782
-3.564252403595
-0.075525119616
-3.517813305913
-0.471501596747
-3.591133640815
-0.246640164184
-3.629417759366
-0.011207871767
-3.605529363158
-0.413743133166
-3.663590745329
-0.182149447651
-3.692670267266
0.056871295718
-3.687497059968
-0.350153812067
-3.732291320385
-0.113651310805
-3.754862970247
0.127775540514
-3.764074074851
-0.282137972964
-3.798004367649
-0.042248282478
-3.816967313495
0.200597795371
-3.835883061761
-0.210999912519
-3.861654169007
0.031033452077
-3.880025822550
0.274435693660
-3.903747552426
-0.137928193439
-3.924266700823
0.105227211875
-3.945104842998
0.348355920174
-3.968628510109
-0.064000914108
-3.986917621930
0.179397783746
-4.013244702674
0.421363852350
-4.031565449943
0.009793526080
-4.050681872889
0.252606971578
-4.085405029352
0.492369187534
-4.093622618779
0.082526128691
-4.116583373889
0.323882748536
-4.162405566296
0.560169525380
-4.155839170613
0.153293191419
-4.185542675642
0.392190034467
-4.244861273568
0.623441383472
-4.219181520192
0.221183424624
-4.258321722105
0.456411881262
-4.333117355764
0.680761061661
-4.284496247851
0.285253158640
-4.335467899510
0.515351065327
-4.427187423874
0.730643153022
-4.352462526516
0.344508518126
-4.417257954793
0.567744729686
-4.526708141129
0.771614716051
-4.423545767683
0.397909751366
-4.503651571922
0.612309858556
-4.630916219279
0.802306376058
-4.497954714273
0.444386189180
-4.594258525588
0.647804948093
-4.738665372987
0.821566340990
-4.575607927807
0.482879777985
-4.688333835794
0.673118894953
-4.848483868820
0.828571541290
-4.656117027346
0.512402990527
-4.784804621440
0.687363798757
-4.958676587269
0.822922639936
-4.738794514145
0.532112662244
-4.882341380843
0.689970848073
-5.067467368802
0.804704566895
-4.822695957257
0.541393894066
-4.979462713637
0.680759703350
-5.173153078787
0.774493719644
-4.906695876995
0.539930605262
-5.074674114016
0.659975453664
-5.274260416788
0.733312784799
-4.989600563263
0.527755998822
-5.166610227622
0.628271901362
-5.369668085748
0.682536328334
-5.070275295199
0.505257553346
-5.254168423648
0.586650808067
-5.458693987169
0.623770893948
-5.147772436519
0.473137597240
-5.336603414263
0.536363517210
-5.541131019207
0.558731291559
-5.221423418016
0.432328562200
-5.413575317832
0.478802456860
-5.617258645139
0.489141148465
-5.290885837367
0.383891588559
-5.485157368847
0.415411661131
-5.687838877416
0.416676135931
-5.356125680746
0.328919376782
-5.551810676947
0.347642131971
-5.754137603651
0.342958832150
-5.417349493916
0.268478830106
-5.614378545665
0.276979674811
-5.817968895120
0.269587331072
-5.474887915756
0.203621311046
-5.674191131699
0.205064196682
-5.881683518118
0.198099998886
-5.529141545529
0.135541507422
-5.733517758012
0.133874947912
-5.947698656896
0.129607545897
-5.581283916782
0.066154367562
-5.796212595343
0.065614712283
-6.016740223314
0.063827905382
