2.500000010438
3.200000119950
1.720000040823
3.200000117804
4.920000080000
0.000000000000
5.699999810000
0.000000000000
-2.499999987687
3.200000106537
-1.600000007847
3.200000108831
2.500000001664
6.199999879843
-2.499999995005
6.199999866146
-6.313611510000
0.000000000000
-5.413611410000
0.000000000000
2.305000080568
3.200000119428
2.109999910656
3.200000118891
1.914999970735
3.200000118347
1.784000050622
3.135999988620
1.848000061095
3.072000099514
1.911999952005
3.007999970510
1.975999963200
2.944000081641
2.039999974479
2.880000182846
2.104000105669
2.816000054025
2.167999996662
2.752000165085
2.232000127412
2.688000035961
2.296000017907
2.624000146613
2.359999918154
2.560000017019
2.424000038167
2.496000127167
2.487999937964
2.431999997056
2.552000067563
2.368000106690
2.615999956980
2.303999976077
2.680000086233
2.240000085225
2.743999975337
2.176000194147
2.808000104308
2.112000062856
2.871999993161
2.048000171363
2.936000121910
1.984000039683
3.000000010570
1.920000027830
3.063999899155
1.856000015816
3.128000027680
1.792000123657
3.191999916158
1.728000101366
3.256000044604
1.664000088956
3.319999933031
1.600000076443
3.384000061455
1.536000063840
3.447999949889
1.472000051162
3.512000078347
1.408000038421
3.575999976843
1.344000025633
3.640000095391
1.280000012812
3.703999994005
1.215999999971
3.767999882700
1.151999987125
3.832000011490
1.088000094287
3.895999900387
1.024000081472
3.960000029407
0.960000007694
4.024000158564
0.896000053967
4.087999807871
0.832000040304
4.151999937341
0.768000027719
4.216000066990
0.704000014227
4.280000196829
0.640000001839
4.343999846873
0.575999988570
4.407999977134
0.512000035431
4.472000107626
0.448000023433
4.535999758362
0.384000010585
4.599999889357
0.319999998897
4.664000020632
0.256000016372
4.728000152217
0.192000005014
4.791999814174
0.128000007825
4.855999946638
0.064000003813
5.114999770000
0.000000000000
5.309999940000
0.000000000000
5.505000110000
0.000000000000
5.636000160286
0.064000002356
5.572000029928
0.128000004636
5.507999899149
0.191999999817
5.443999768094
0.256000008863
5.380000106963
0.319999988838
5.315999975925
0.383999997844
5.251999855080
0.448000007967
5.188000194472
0.512000017272
5.124000064112
0.575999967795
5.059999933992
0.639999978561
4.995999804098
0.703999988576
4.932000154411
0.767999999844
4.868000024914
0.832000010359
4.803999895591
0.896000022115
4.739999766423
0.959999974100
4.676000117396
1.024000046304
4.611999988494
1.088000057713
4.547999859702
1.151999949316
4.484000211006
1.215999961098
4.420000082390
1.279999973045
4.355999953841
1.343999985144
4.291999825345
1.407999997381
4.228000166887
1.472000009742
4.164000038453
1.536000022213
4.099999910030
1.600000034779
4.035999781602
1.664000047427
3.971999893156
1.728000060143
3.908000004678
1.792000082913
3.844000116154
1.855999975722
3.779999987569
1.919999988556
3.716000098910
1.984000001402
3.651999970163
2.048000134245
3.588000081313
2.112000027071
3.523999952346
2.176000159866
3.460000063249
2.240000052617
3.395999934008
2.303999945309
3.332000044608
2.368000077928
3.267999915036
2.431999970461
3.204000025279
2.496000102893
3.140000125322
2.559999995213
3.076000005153
2.624000127406
3.012000104759
2.688000019462
2.947999974126
2.752000151368
2.884000083241
2.816000043116
2.819999952088
2.880000174698
2.756000060647
2.944000076109
2.691999928886
3.007999967346
2.628000036740
3.072000098406
2.563999904065
3.135999989282
-2.275000087740
3.200000107109
-2.049999937770
3.200000107682
-1.825000037800
3.200000108260
-1.378666627929
3.200000109366
-1.157333358010
3.200000109929
-0.935999978095
3.200000110503
-0.714666653182
3.200000111086
-0.493333328271
3.200000111674
-0.272000003362
3.200000112268
-0.050666655955
3.200000112866
0.170666676452
3.200000113469
0.392000001358
3.200000114076
0.613333355265
3.200000114687
0.834666680172
3.200000115302
1.056000001080
3.200000115920
1.277333390989
3.200000116543
1.498666650903
3.200000117169
2.500000009424
3.500000070002
2.500000008487
3.800000019998
2.500000007595
4.099999969979
2.500000006729
4.400000169957
2.500000005877
4.699999879934
2.500000005033
5.000000069914
2.500000004193
5.300000259895
2.500000003353
5.599999969878
2.500000002510
5.900000169862
2.282608751800
6.199999879228
2.065217491938
6.199999878611
1.847826122077
6.199999877989
1.630434752218
6.199999877361
1.413043502363
6.199999876733
1.195652132510
6.199999876109
0.978260877659
6.199999875489
0.760869565810
6.199999874873
0.543478253962
6.199999874263
0.326086971114
6.199999873658
0.108695652266
6.199999873058
-0.108695645582
6.199999872464
-0.326086964431
6.199999871874
-0.543478247280
6.199999871288
-0.760869559131
6.199999870708
-0.978260870983
6.199999870131
-1.195652125838
6.199999869557
-1.413043495694
6.199999868986
-1.630434745552
6.199999868416
-1.847826115413
6.199999867848
-2.065217485276
6.199999867281
-2.282608745140
6.199999866713
-2.499999994221
5.900000156170
-2.499999993436
5.599999956196
-2.499999992651
5.300000246228
-2.499999991869
5.000000056266
-2.499999991093
4.699999866312
-2.499999990329
4.400000156366
-2.499999989584
4.099999956426
-2.499999988870
3.800000006491
-2.499999988208
3.500000056547
-2.576272241384
3.135999976050
-2.652544494035
3.072000085371
-2.728816746165
3.007999954514
-2.805088997951
2.944000063487
-2.881361249466
2.880000162292
-2.957633500747
2.816000030935
-3.033905511813
2.752000139422
-3.110177762678
2.688000007760
-3.186450003356
2.624000115959
-3.262722253857
2.559999984028
-3.338994504190
2.496000091981
-3.415266754369
2.431999959829
-3.491539004402
2.368000067586
-3.567811254302
2.303999935264
-3.644083504079
2.240000042876
-3.720355753745
2.176000150437
-3.796628003311
2.112000017959
-3.872900252789
2.048000125457
-3.949172262189
1.983999992945
-4.025444511525
1.919999980435
-4.101717000806
1.855999967941
-4.177989010044
1.792000075478
-4.254261489252
1.728000053059
-4.330533498440
1.664000040697
-4.406805517620
1.600000028407
-4.483077996804
1.536000016201
-4.559350006002
1.472000004095
-4.635622495228
1.407999992101
-4.711894504492
1.343999980233
-4.788166993805
1.279999968504
-4.864439003180
1.215999956929
-4.940711492629
1.151999945519
-5.016983502164
1.088000054289
-5.093255991796
1.024000043251
-5.169528001539
0.959999971417
-5.245800491405
0.896000019797
-5.322072501408
0.832000008401
-5.398344511563
0.767999998236
-5.474616991883
0.703999987307
-5.550889012382
0.639999977611
-5.627161493071
0.575999967141
-5.703433503954
0.512000016878
-5.779705995023
0.448000007788
-5.855978006240
0.383999997818
-5.932250497528
0.319999988894
-6.008522508750
0.256000008925
-6.084794999733
0.191999999834
-6.161067010339
0.128000004614
-6.237339500481
0.064000002325
-6.088611600000
0.000000000000
-5.863611700000
0.000000000000
-5.638611320000
0.000000000000
-5.337339396163
0.064000003339
-5.261066903359
0.128000006877
-5.184794891078
0.192000003599
-5.108522409145
0.256000014498
-5.032250387487
0.319999996572
-4.955977906072
0.384000007816
-4.879705894877
0.448000020225
-4.803433883889
0.512000031791
-4.727161393096
0.575999984504
-4.650889382488
0.639999997355
-4.574616892053
0.704000009330
-4.498344881780
0.768000022419
-4.422072391659
0.832000034608
-4.345800381679
0.896000047883
-4.269527891829
0.960000001232
-4.193255882096
1.024000074641
-4.116983392471
1.088000087097
-4.040711382941
1.151999979586
-3.964439133495
1.215999992094
-3.888166884121
1.280000004607
-3.811894644808
1.344000017112
-3.735622395545
1.408000029595
-3.659350146320
1.472000042043
-3.583077897122
1.536000054441
-3.506805647938
1.600000066777
-3.430533398758
1.664000079035
-3.354261389570
1.728000091203
-3.277989140362
1.792000113267
-3.201716891123
1.856000005214
-3.125444641840
1.920000017029
-3.049172392504
1.984000028699
-2.972900143100
2.048000160212
-2.896627893618
2.112000051553
-2.820355644046
2.176000182712
-2.744083394369
2.240000073674
-2.667811154577
2.303999964431
-2.591538904654
2.368000094971
-2.515266654587
2.431999985289
-2.438994644362
2.496000115379
-2.362722393966
2.560000005244
-2.286450143387
2.624000134890
-2.210177892622
2.688000024338
-2.133905641680
2.752000153620
-2.057633390599
2.816000042788
-1.981361139458
2.880000171917
-1.905088888394
2.944000071094
-1.828816637577
3.007999960394
-1.752544387141
3.072000089817
-1.676272257176
3.135999979306
2.368999972974
3.135999990026
2.174000032029
3.135999989599
1.978999981338
3.135999989092
2.433000105211
3.072000100417
2.237999933746
3.072000100475
2.042999992360
3.072000100001
2.496999997116
3.007999970468
2.302000065465
3.007999971296
2.107000123694
3.007999971057
2.561000128726
2.944000080193
2.365999957010
2.944000081899
2.171000015117
2.944000082130
2.625000020074
2.880000179623
2.430000088329
2.880000182218
2.234999916447
2.880000183084
2.688999911172
2.816000048789
2.493999979413
2.816000052239
2.299000037589
2.816000053829
2.753000042030
2.752000157714
2.558000110262
2.752000161969
2.362999938502
2.752000164322
2.816999932653
2.688000026419
2.622000000880
2.688000031423
2.427000069172
2.688000034542
2.881000063049
2.624000134920
2.686000131274
2.624000140619
2.490999959604
2.624000144487
2.944999953227
2.560000003233
2.750000021452
2.560000009574
2.555000089807
2.560000014165
3.009000083197
2.496000111375
2.813999911424
2.496000118307
2.618999979793
2.496000123584
3.072999972970
2.431999979358
2.878000041201
2.431999986833
2.683000109577
2.431999992758
3.137000102560
2.368000087198
2.941999930794
2.368000095169
2.746999999173
2.368000101701
3.201000001978
2.303999954907
3.006000060218
2.303999963330
2.811000128595
2.303999970427
3.265000121239
2.240000062502
3.069999949484
2.240000071331
2.875000017857
2.240000078950
3.329000020355
2.176000169994
3.134000078606
2.176000179186
2.938999906975
2.176000187285
3.392999909341
2.112000037399
3.197999967598
2.112000046910
3.003000035961
2.112000055445
3.457000038210
2.048000144730
3.262000096474
2.048000154516
3.066999924831
2.048000163445
3.520999926978
1.984000012002
3.325999995247
1.984000022021
3.131000053598
1.984000031300
3.585000055656
1.919999999228
3.390000113932
1.920000009436
3.194999942277
1.920000019023
3.648999944260
1.855999986422
3.454000012543
1.855999996777
3.259000070881
1.856000006628
3.713000072804
1.792000093599
3.517999901093
1.792000104058
3.322999959425
1.792000114130
3.776999961302
1.728000070773
3.582000029597
1.728000081292
3.387000087922
1.728000091543
3.841000089767
1.664000057957
3.645999918069
1.664000068495
3.450999986388
1.664000078881
3.904999978215
1.600000045166
3.710000046523
1.600000055679
3.515000104835
1.600000066158
3.969000106658
1.536000032414
3.773999934973
1.536000042859
3.579000003278
1.536000053387
4.032999995111
1.472000019715
3.838000063433
1.472000030049
3.642999891732
1.472000040584
4.097000123589
1.408000007083
3.901999951917
1.408000017263
3.707000020209
1.408000027762
4.160999772104
1.343999994533
3.966000080439
1.344000004516
3.770999908725
1.344000014936
4.224999900672
1.279999982077
4.030000209013
1.279999991820
3.835000037293
1.280000002118
4.289000029306
1.215999969731
4.093999857654
1.215999979191
3.898999925927
1.215999989325
4.353000158021
1.151999957508
4.157999986374
1.151999966643
3.963000054641
1.151999976568
4.416999816830
1.088000065423
4.222000115189
1.088000074189
4.026999943450
1.088000083863
4.480999945748
1.024000053490
4.285999764113
1.024000061844
4.091000072367
1.024000071224
4.545000074788
0.959999980722
4.349999893158
0.959999988622
4.155000201407
0.959999997664
4.609000203966
0.896000028136
4.414000022339
0.896000035538
4.218999850582
0.896000044198
4.672999853295
0.832000015744
4.478000151669
0.832000022606
4.282999979908
0.832000030840
4.736999982789
0.768000004561
4.541999811162
0.768000010840
4.347000109396
0.768000018603
4.801000112464
0.703999992601
4.605999940830
0.703999998257
4.410999759061
0.704000005502
4.864999762333
0.639999981878
4.670000070685
0.639999986872
4.474999888914
0.639999993550
4.928999892410
0.575999970405
4.734000200738
0.575999974701
4.539000018967
0.575999980763
4.993000022708
0.512000019193
4.797999851000
0.512000022762
4.603000149230
0.512000028156
5.057000153238
0.448000009248
4.861999981479
0.448000012073
4.666999809713
0.448000016743
5.120999804003
0.383999998568
4.926000112181
0.384000000652
4.730999940423
0.384000004543
5.184999934992
0.319999989137
4.989999763111
0.319999990514
4.795000071366
0.319999993575
5.249000066167
0.256000008910
5.053999894270
0.256000009667
4.859000202551
0.256000011863
5.313000197437
0.191999999805
5.118000025649
0.192000000097
4.922999853990
0.192000001436
5.376999858629
0.128000004686
5.182000157203
0.128000004745
4.986999985713
0.128000005327
5.440999979518
0.064000002423
5.245999808768
0.064000002456
5.051000117760
0.064000002553
-2.275760878333
3.500000057049
-2.051521768428
3.500000057600
-1.827282658511
3.500000058168
-1.603043428591
3.500000058742
-1.382104388678
3.500000059304
-1.161165228773
3.500000059870
-0.940226066870
3.500000060445
-0.719286966968
3.500000061028
-0.498347808066
3.500000061616
-0.277408678165
3.500000062209
-0.056469552665
3.500000062807
0.164469580635
3.500000063410
0.385408710536
3.500000064016
0.606347809436
3.500000064626
0.827286969336
3.500000065240
1.048226130236
3.500000065857
1.269165170137
3.500000066478
1.490104330039
3.500000067103
1.711043489942
3.500000067731
1.908282649823
3.500000068287
2.105521689700
3.500000068845
2.302760849569
3.500000069412
-2.276521668990
3.800000007012
-2.053043359110
3.800000007552
-1.829565159221
3.800000008111
-1.606086959326
3.800000008681
-1.385542029431
3.800000009247
-1.164997089537
3.800000009818
-0.944452156645
3.800000010394
-0.723907221752
3.800000010976
-0.503362287860
3.800000011564
-0.282817383967
3.800000012156
-0.062272453074
3.800000012754
0.158272469819
3.800000013355
0.378817388711
3.800000013961
0.599362323604
3.800000014570
0.819907257496
3.800000015184
1.040452129387
3.800000015801
1.260997069278
3.800000016422
1.481541999167
3.800000017047
1.702086939054
3.800000017677
1.901565198920
3.800000018249
2.101043468781
3.800000018822
2.300521858636
3.800000019403
-2.277282699705
4.099999956967
-2.054565179829
4.099999957514
-1.831847779951
4.099999958070
-1.609130370071
4.099999958636
-1.388979660189
4.099999959202
-1.168828950306
4.099999959773
-0.948678245423
4.099999960350
-0.728527536539
4.099999960931
-0.508376827654
4.099999961518
-0.288226088769
4.099999962109
-0.068075349784
4.099999962705
0.152075374002
4.099999963306
0.372226097887
4.099999963911
0.592376836772
4.099999964520
0.812527545656
4.099999965134
1.032678258539
4.099999965751
1.252828968421
4.099999966374
1.472979668300
4.099999967001
1.693130498177
4.099999967634
1.894847878036
4.099999968217
2.096565257891
4.099999968801
2.298282627743
4.099999969388
-2.278043500452
4.400000156920
-2.056087010578
4.400000157475
-1.834130400705
4.400000158034
-1.612173900831
4.400000158599
-1.392417420958
4.400000159164
-1.172660821083
4.400000159735
-0.952904335206
4.400000160310
-0.733147791329
4.400000160891
-0.513391307452
4.400000161476
-0.293634763574
4.400000162067
-0.073878250195
4.400000162662
0.145878263184
4.400000163262
0.365634777062
4.400000163866
0.585391290940
4.400000164475
0.805147834818
4.400000165089
1.024904377694
4.400000165707
1.244660857569
4.400000166331
1.464417347442
4.400000166960
1.684173947312
4.400000167594
1.888130437168
4.400000168187
2.092087037022
4.400000168778
2.296043406875
4.400000169369
-2.278804291219
4.699999866875
-2.057608591346
4.699999867437
-1.836413021476
4.699999867999
-1.615217441606
4.699999868565
-1.395855061736
4.699999869131
-1.176492801867
4.699999869701
-0.957130423996
4.699999870275
-0.737768106125
4.699999870855
-0.518405787253
4.699999871439
-0.299043469380
4.699999872028
-0.079681150608
4.699999872622
0.139681167365
4.699999873221
0.359043486238
4.699999873825
0.578405804110
4.699999874434
0.797768122982
4.699999875048
1.017130496853
4.699999875667
1.236492756722
4.699999876291
1.455855136591
4.699999876921
1.675217396457
4.699999877556
1.881413106312
4.699999878156
2.087608816167
4.699999878753
2.293804416022
4.699999879347
-2.279565321997
5.000000056835
-2.059130422127
5.000000057400
-1.838695642258
5.000000057965
-1.618260852390
5.000000058533
-1.399292702524
5.000000059099
-1.180324662657
5.000000059669
-0.961356513791
5.000000060243
-0.742388419924
5.000000060822
-0.523420267057
5.000000061405
-0.304452174189
5.000000061993
-0.085484051021
5.000000062586
0.133484057546
5.000000063184
0.352452195414
5.000000063788
0.571420318281
5.000000064396
0.790388411148
5.000000065010
1.009356506015
5.000000065629
1.228324655880
5.000000066253
1.447292805745
5.000000066883
1.666260845609
5.000000067518
1.874695665465
5.000000068124
2.083130365320
5.000000068726
2.291565185176
5.000000069324
-2.280326122782
5.300000246798
-2.060652252913
5.300000247366
-1.840978253046
5.300000247933
-1.621304383180
5.300000248501
-1.402730453316
5.300000249069
-1.184156533453
5.300000249639
-0.965582602589
5.300000250213
-0.747008674726
5.300000250791
-0.528434746863
5.300000251373
-0.309860849000
5.300000251960
-0.091286951436
5.300000252552
0.127286961727
5.300000253149
0.345860874590
5.300000253752
0.564434772453
5.300000254360
0.783008700316
5.300000254973
1.001582625178
5.300000255592
1.220156555040
5.300000256216
1.438730484902
5.300000256845
1.657304414764
5.300000257479
1.867978224620
5.300000258091
2.078652144477
5.300000258699
2.289326194335
5.300000259301
-2.281086913569
5.599999956767
-2.062173833702
5.599999957335
-1.843260873837
5.599999957903
-1.624347803973
5.599999958471
-1.406168094111
5.599999959040
-1.187988394250
5.599999959610
-0.969808692389
5.599999960184
-0.751628989529
5.599999960761
-0.533449286670
5.599999961343
-0.315269554811
5.599999961929
-0.097089851852
5.599999962520
0.121089857907
5.599999963117
0.339269582765
5.599999963718
0.557449285624
5.599999964326
0.775628988482
5.599999964938
0.993808691341
5.599999965556
1.211988454200
5.599999966179
1.430168154059
5.599999966807
1.648347853919
5.599999967440
1.861260893776
5.599999968058
2.074173933634
5.599999968670
2.287086963493
5.599999969278
-2.281847714356
5.900000156739
-2.063695664491
5.900000157307
-1.845543494627
5.900000157874
-1.627391334765
5.900000158443
-1.409605734905
5.900000159012
-1.191820255046
5.900000159583
-0.974034781188
5.900000160156
-0.756249244332
5.900000160733
-0.538463766476
5.900000161314
-0.320678259622
5.900000161900
-0.102892751768
5.900000162490
0.114892755086
5.900000163086
0.332678261940
5.900000163687
0.550463799794
5.900000164293
0.768249276648
5.900000164904
0.986034814502
5.900000165521
1.203820353358
5.900000166143
1.421605833214
5.900000166770
1.639391303072
5.900000167401
1.854543452929
5.900000168024
2.069695712788
5.900000168641
2.284847742649
5.900000169254
-1.901272167919
3.135999978631
-2.126272188606
3.135999978046
-2.351272329616
3.135999977454
-1.977544418466
3.072000089140
-2.202544439896
3.072000088597
-2.427544351704
3.072000087792
-2.053816789406
3.007999959810
-2.278816691406
3.007999959220
-2.503816593574
3.007999957879
-2.130088800595
2.944000070585
-2.355088942884
2.944000069731
-2.580088845211
2.944000067689
-2.206361051843
2.880000171339
-2.431361194232
2.880000170034
-2.656361096638
2.880000167236
-2.282633293023
2.816000041970
-2.507633445419
2.816000040090
-2.732633347869
2.816000036542
-2.358905544067
2.752000152411
-2.583905696437
2.752000149891
-2.808905598914
2.752000145625
-2.435177794945
2.688000022628
-2.660177947284
2.688000019443
-2.885177849777
2.688000014504
-2.511450045650
2.624000132608
-2.736449957962
2.624000128759
-2.961450100464
2.624000123193
-2.587722296182
2.560000002348
-2.812722208476
2.559999997852
-3.037722350981
2.559999991708
-2.663994546548
2.496000111854
-2.888994458833
2.496000106738
-3.113994601338
2.496000100063
-2.740266796759
2.431999981134
-2.965266699040
2.431999975433
-3.190266851541
2.431999968271
-2.816539046823
2.368000090202
-3.041538949106
2.368000083951
-3.266539101602
2.368000076346
-2.892811296754
2.303999959068
-3.117811199041
2.303999952306
-3.342811111530
2.303999944302
-2.969083546561
2.240000067747
-3.194083448856
2.240000060514
-3.419083361336
2.240000052152
-3.045355796257
2.176000176252
-3.270355698560
2.176000168588
-3.495355611032
2.176000159910
-3.121627805853
2.112000044597
-3.346627948165
2.112000036542
-3.571627860628
2.112000027590
-3.197900055361
2.048000152795
-3.422900197682
2.048000144390
-3.647900100135
2.048000135204
-3.274172304791
1.984000020861
-3.499172447122
1.984000012146
-3.724172349566
1.984000002767
-3.350444554156
1.920000008807
-3.575444696497
1.919999999824
-3.800444598931
1.919999990293
-3.426716793467
1.855999996649
-3.651716945818
1.855999987437
-3.876716848242
1.855999977794
-3.502989042735
1.792000104400
-3.727988955096
1.792000095000
-3.952989097510
1.792000085286
-3.579261291973
1.728000082073
-3.804261204343
1.728000072526
-4.029261106748
1.728000062781
-3.655533541191
1.664000069682
-3.880533453571
1.664000060028
-4.105533595966
1.664000050293
-3.731805790401
1.600000057241
-3.956805702791
1.600000047521
-4.181805605176
1.600000037836
-3.808078039614
1.536000044764
-4.033078182015
1.536000035018
-4.258078094389
1.536000025424
-3.884350288842
1.472000032264
-4.109350191253
1.472000022533
-4.334350103617
1.472000013070
-3.960622538097
1.408000019755
-4.185622210518
1.408000010079
-4.410622592872
1.408000000789
-4.036894787390
1.344000007251
-4.261894689821
1.343999997671
-4.486894602165
1.343999988593
-4.113166796733
1.279999994766
-4.338166699173
1.279999985322
-4.563167091508
1.279999976497
-4.189439286136
1.215999982313
-4.414439188586
1.215999973046
-4.639439100911
1.215999964514
-4.265711295612
1.151999969905
-4.490711198072
1.151999960856
-4.715711580387
1.151999952658
-4.341983785172
1.088000077558
-4.566983687641
1.088000068767
-4.791983589947
1.088000060944
-4.418255794827
1.024000065283
-4.643255697306
1.024000056792
-4.868255609602
1.024000049384
-4.494527804589
0.959999992096
-4.719528187076
0.959999983945
-4.944528089364
0.959999976993
-4.570800284469
0.896000039009
-4.795800196964
0.896000031240
-5.020800099245
0.896000024784
-4.647072304478
0.832000026036
-4.872072686979
0.832000018691
-5.097072589256
0.832000012770
-4.723344784626
0.768000014190
-4.948344697133
0.768000007313
-5.173344599408
0.768000001966
-4.799616794924
0.704000001486
-5.024617187434
0.703999995120
-5.249617089713
0.703999990384
-4.875889285381
0.639999989937
-5.100889197892
0.639999984127
-5.325889100181
0.639999980035
-4.952161296007
0.575999977557
-5.177161208514
0.575999972350
-5.402161590822
0.575999968929
-5.028433786808
0.512000025359
-5.253433689307
0.512000020804
-5.478433601642
0.512000018071
-5.104705797793
0.448000014359
-5.329705710276
0.448000010503
-5.554706092645
0.448000008459
-5.180978288965
0.384000002572
-5.405978191421
0.383999999459
-5.630978103820
0.383999998080
-5.257250300331
0.319999992016
-5.482250202743
0.319999989680
-5.707250115139
0.319999988898
-5.333522791897
0.256000010710
-5.558522694233
0.256000009156
-5.783522606536
0.256000008849
-5.409794803678
0.192000000676
-5.634794705860
0.191999999852
-5.859794617885
0.191999999828
-5.486066815697
0.128000004930
-5.711067197529
0.128000004671
-5.936067098994
0.128000004707
-5.562339307940
0.064000002448
-5.787339208992
0.064000002430
-6.012339119711
0.064000002423
