               1    -129.559E-03        -4.01264
               2    -126.969E-03        -4.05559
               3     12.6213E-39     14.4029E-39
               4     1.11263E-42    -5.78456E-42
               5    -115.443E-03        -4.28087
               6    -118.818E-03        -4.23427
               7    -287.507E-03        -4.01768
               8    -280.954E-03        -4.28704
               9    -6.20075E-42    -5.48608E-42
              10    -15.2792E-39     17.6591E-39
              11    -129.154E-03        -4.02432
              12    -128.336E-03        -4.03516
              13    -127.563E-03        -4.04548
              14    -120.633E-03        -4.05239
              15    -114.574E-03        -4.05056
              16    -109.347E-03        -4.05163
              17    -103.731E-03        -4.05619
              18    -94.8909E-03        -4.06310
              19    -79.9027E-03        -4.06990
              20    -56.8718E-03        -4.07363
              21    -25.1098E-03        -4.07127
              22     15.0402E-03        -4.06001
              23     62.4120E-03        -4.03739
              24     115.209E-03        -4.00153
              25     171.206E-03        -3.95115
              26     227.965E-03        -3.88568
              27     283.063E-03        -3.80529
              28     334.282E-03        -3.71073
              29     379.772E-03        -3.60331
              30     418.140E-03        -3.48463
              31     448.482E-03        -3.35652
              32     470.367E-03        -3.22082
              33     483.782E-03        -3.07931
              34     489.060E-03        -2.93360
              35     486.795E-03        -2.78512
              36     477.771E-03        -2.63505
              37     462.893E-03        -2.48441
              38     443.132E-03        -2.33400
              39     419.483E-03        -2.18447
              40     392.934E-03        -2.03638
              41     364.443E-03        -1.89017
              42     334.920E-03        -1.74624
              43     305.213E-03        -1.60495
              44     276.099E-03        -1.46668
              45     248.274E-03        -1.33181
              46     222.341E-03        -1.20078
              47     198.799E-03        -1.07407
              48     178.018E-03    -952.239E-03
              49     160.229E-03    -835.883E-03
              50     145.496E-03    -725.659E-03
              51     133.699E-03    -622.235E-03
              52     124.524E-03    -526.254E-03
              53     117.470E-03    -438.273E-03
              54     111.876E-03    -358.699E-03
              55     106.979E-03    -287.735E-03
              56     101.986E-03    -225.353E-03
              57     96.1451E-03    -171.310E-03
              58     88.7878E-03    -125.196E-03
              59     79.3403E-03    -86.5059E-03
              60     67.2588E-03    -54.7393E-03
              61     51.7926E-03    -29.5525E-03
              62     31.2757E-03    -10.9645E-03
              63     21.5982E-39     18.8445E-39
              64     1.91052E-39     22.8329E-39
              65    -6.57637E-39     12.2287E-39
              66    -2.17046E-03    -15.7942E-06
              67    -3.75239E-03     1.18125E-03
              68    -3.97617E-03     5.09794E-03
              69    -3.81932E-03     12.4992E-03
              70    -5.90355E-03     22.7006E-03
              71    -13.2919E-03     33.7293E-03
              72    -28.1796E-03     43.1018E-03
              73    -51.6873E-03     48.2060E-03
              74    -84.0228E-03     46.4628E-03
              75    -124.634E-03     35.4364E-03
              76    -172.311E-03     12.9576E-03
              77    -225.291E-03    -22.7328E-03
              78    -281.401E-03    -72.8458E-03
              79    -338.244E-03    -137.945E-03
              80    -393.414E-03    -217.919E-03
              81    -444.701E-03    -312.030E-03
              82    -490.254E-03    -419.035E-03
              83    -528.677E-03    -537.332E-03
              84    -559.071E-03    -665.130E-03
              85    -581.008E-03    -800.592E-03
              86    -594.482E-03    -941.947E-03
              87    -599.830E-03        -1.08757
              88    -597.653E-03        -1.23604
              89    -588.737E-03        -1.38612
              90    -573.988E-03        -1.53680
              91    -554.379E-03        -1.68724
              92    -530.902E-03        -1.83675
              93    -504.539E-03        -1.98478
              94    -476.238E-03        -2.13088
              95    -446.894E-03        -2.27463
              96    -417.334E-03        -2.41569
              97    -388.316E-03        -2.55369
              98    -360.513E-03        -2.68829
              99    -334.515E-03        -2.81911
             100    -310.816E-03        -2.94574
             101    -289.801E-03        -3.06769
             102    -271.727E-03        -3.18439
             103    -256.697E-03        -3.29521
             104    -244.640E-03        -3.39948
             105    -235.288E-03        -3.49648
             106    -228.168E-03        -3.58558
             107    -222.621E-03        -3.66626
             108    -217.845E-03        -3.73822
             109    -212.981E-03        -3.80140
             110    -207.184E-03        -3.85601
             111    -199.673E-03        -3.90243
             112    -189.670E-03        -3.94111
             113    -176.179E-03        -3.97236
             114    -157.423E-03        -3.99625
             115    -116.475E-03        -4.27059
             116    -117.499E-03        -4.25909
             117    -118.279E-03        -4.24684
             118    -119.350E-03        -4.22210
             119    -119.894E-03        -4.21002
             120    -120.438E-03        -4.19799
             121    -120.977E-03        -4.18598
             122    -121.511E-03        -4.17401
             123    -122.042E-03        -4.16206
             124    -122.571E-03        -4.15012
             125    -123.100E-03        -4.13821
             126    -123.630E-03        -4.12632
             127    -124.164E-03        -4.11444
             128    -124.703E-03        -4.10259
             129    -125.250E-03        -4.09077
             130    -125.808E-03        -4.07898
             131    -126.378E-03        -4.06724
             132    -144.817E-03        -4.01403
             133    -160.163E-03        -4.01463
             134    -175.778E-03        -4.01503
             135    -191.570E-03        -4.01537
             136    -207.471E-03        -4.01571
             137    -223.440E-03        -4.01606
             138    -239.447E-03        -4.01644
             139    -255.470E-03        -4.01684
             140    -271.494E-03        -4.01726
             141    -287.198E-03        -4.02929
             142    -286.892E-03        -4.04088
             143    -286.593E-03        -4.05248
             144    -286.303E-03        -4.06407
             145    -286.019E-03        -4.07567
             146    -285.743E-03        -4.08729
             147    -285.473E-03        -4.09891
             148    -285.207E-03        -4.11055
             149    -284.943E-03        -4.12221
             150    -284.682E-03        -4.13389
             151    -284.420E-03        -4.14558
             152    -284.158E-03        -4.15730
             153    -283.894E-03        -4.16903
             154    -283.627E-03        -4.18078
             155    -283.356E-03        -4.19255
             156    -283.080E-03        -4.20433
             157    -282.797E-03        -4.21613
             158    -282.508E-03        -4.22794
             159    -282.211E-03        -4.23976
             160    -281.906E-03        -4.25158
             161    -281.594E-03        -4.26340
             162    -281.275E-03        -4.27523
             163    -264.649E-03        -4.28660
             164    -248.352E-03        -4.28617
             165    -232.051E-03        -4.28575
             166    -215.731E-03        -4.28535
             167    -199.373E-03        -4.28496
             168    -182.953E-03        -4.28457
             169    -166.442E-03        -4.28414
             170    -149.808E-03        -4.28360
             171    -132.992E-03        -4.28275
             172    -77.9980E-03        -4.26749
             173    -52.1651E-03        -4.24613
             174    -32.6779E-03        -4.21686
             175    -17.1795E-03        -4.17965
             176    -4.43249E-03        -4.13423
             177     6.42988E-03        -4.08019
             178     16.2141E-03        -4.01717
             179     25.7609E-03        -3.94490
             180     35.9336E-03        -3.86337
             181     47.5592E-03        -3.77275
             182     61.3628E-03        -3.67347
             183     77.9119E-03        -3.56607
             184     97.5873E-03        -3.45123
             185     120.571E-03        -3.32965
             186     146.856E-03        -3.20202
             187     176.256E-03        -3.06902
             188     208.432E-03        -2.93126
             189     242.911E-03        -2.78929
             190     279.099E-03        -2.64362
             191     316.311E-03        -2.49469
             192     353.772E-03        -2.34293
             193     390.637E-03        -2.18874
             194     426.003E-03        -2.03254
             195     458.916E-03        -1.87481
             196     488.392E-03        -1.71607
             197     513.432E-03        -1.55694
             198     533.046E-03        -1.39820
             199     546.288E-03        -1.24076
             200     552.297E-03        -1.08571
             201     550.349E-03    -934.353E-03
             202     539.919E-03    -788.163E-03
             203     520.754E-03    -648.802E-03
             204     492.939E-03    -518.062E-03
             205     456.973E-03    -397.787E-03
             206     413.814E-03    -289.776E-03
             207     364.900E-03    -195.644E-03
             208     312.130E-03    -116.665E-03
             209     257.776E-03    -53.6141E-03
             210     204.355E-03    -6.62268E-03
             211     154.426E-03     24.9236E-03
             212     110.364E-03     42.4255E-03
             213     74.0968E-03     48.0362E-03
             214     46.8341E-03     44.5514E-03
             215     28.7683E-03     35.2272E-03
             216     18.7623E-03     23.5139E-03
             217     14.1923E-03     12.6512E-03
             218     11.5132E-03     5.01180E-03
             219     8.10224E-03     1.22505E-03
             220     3.75219E-03     113.364E-06
             221     10.9869E-39     15.1426E-39
             222     752.511E-42     29.0908E-39
             223    -27.4989E-39     24.8424E-39
             224    -36.4664E-03    -16.1597E-03
             225    -60.6431E-03    -41.3641E-03
             226    -78.3529E-03    -75.1962E-03
             227    -92.2586E-03    -117.457E-03
             228    -103.760E-03    -168.263E-03
             229    -113.821E-03    -227.905E-03
             230    -123.310E-03    -296.654E-03
             231    -133.094E-03    -374.635E-03
             232    -144.020E-03    -461.756E-03
             233    -156.857E-03    -557.701E-03
             234    -172.240E-03    -661.976E-03
             235    -190.624E-03    -773.957E-03
             236    -212.269E-03    -892.956E-03
             237    -237.241E-03        -1.01827
             238    -265.425E-03        -1.14921
             239    -296.537E-03        -1.28516
             240    -330.156E-03        -1.42551
             241    -365.735E-03        -1.56977
             242    -402.623E-03        -1.71745
             243    -440.079E-03        -1.86814
             244    -477.285E-03        -2.02141
             245    -513.359E-03        -2.17686
             246    -547.369E-03        -2.33404
             247    -578.339E-03        -2.49244
             248    -605.275E-03        -2.65150
             249    -627.179E-03        -2.81049
             250    -643.085E-03        -2.96857
             251    -652.093E-03        -3.12471
             252    -653.417E-03        -3.27771
             253    -646.446E-03        -3.42616
             254    -630.809E-03        -3.56846
             255    -606.447E-03        -3.70288
             256    -573.687E-03        -3.82758
             257    -533.294E-03        -3.94073
             258    -486.507E-03        -4.04064
             259    -435.032E-03        -4.12587
             260    -380.985E-03        -4.19542
             261    -326.773E-03        -4.24887
             262    -274.929E-03        -4.28647
             263    -227.898E-03        -4.30920
             264    -187.812E-03        -4.31877
             265    -156.264E-03        -4.31753
             266    -134.088E-03        -4.30829
             267    -121.127E-03        -4.29417
             268    -116.000E-03        -4.27834
             269    -116.010E-03        -4.26365
             270    -117.696E-03        -4.25212
             271    -118.550E-03        -4.24418
             272    -118.419E-03        -4.23873
             273    -143.029E-03        -4.02473
             274    -129.013E-03        -4.03604
             275    -121.554E-03        -4.04490
             276    -153.038E-03        -4.02261
             277    -132.298E-03        -4.03994
             278    -118.180E-03        -4.04717
             279    -157.070E-03        -4.01392
             280    -133.023E-03        -4.04327
             281    -115.649E-03        -4.05234
             282    -155.584E-03        -3.99691
             283    -128.318E-03        -4.04229
             284    -110.556E-03        -4.05823
             285    -149.402E-03        -3.97061
             286    -117.342E-03        -4.03427
             287    -99.9721E-03        -4.06177
             288    -139.451E-03        -3.93425
             289    -100.308E-03        -4.01723
             290    -82.3425E-03        -4.06006
             291    -126.838E-03        -3.88720
             292    -78.0374E-03        -3.98967
             293    -57.3390E-03        -4.05053
             294    -112.862E-03        -3.82903
             295    -51.7963E-03        -3.95046
             296    -25.5524E-03        -4.03102
             297    -98.9444E-03        -3.75966
             298    -23.1707E-03        -3.89885
             299     11.7548E-03        -3.99979
             300    -86.4919E-03        -3.67936
             301     6.07220E-03        -3.83455
             302     52.8471E-03        -3.95557
             303    -76.7596E-03        -3.58875
             304     34.1440E-03        -3.75772
             305     95.7000E-03        -3.89766
             306    -70.7444E-03        -3.48872
             307     59.3952E-03        -3.66897
             308     138.192E-03        -3.82591
             309    -69.1370E-03        -3.38028
             310     80.4420E-03        -3.56926
             311     178.289E-03        -3.74076
             312    -72.3166E-03        -3.26451
             313     96.2450E-03        -3.45978
             314     214.204E-03        -3.64313
             315    -80.3826E-03        -3.14243
             316     106.136E-03        -3.34186
             317     244.511E-03        -3.53428
             318    -93.1950E-03        -3.01499
             319     109.803E-03        -3.21683
             320     268.198E-03        -3.41570
             321    -110.421E-03        -2.88305
             322     107.254E-03        -3.08594
             323     284.681E-03        -3.28897
             324    -131.573E-03        -2.74733
             325     98.7577E-03        -2.95036
             326     293.767E-03        -3.15565
             327    -156.041E-03        -2.60847
             328     84.7967E-03        -2.81110
             329     295.600E-03        -3.01719
             330    -183.121E-03        -2.46701
             331     66.0114E-03        -2.66900
             332     290.596E-03        -2.87487
             333    -212.030E-03        -2.32340
             334     43.1599E-03        -2.52480
             335     279.373E-03        -2.72983
             336    -241.932E-03        -2.17805
             337     17.0804E-03        -2.37909
             338     262.700E-03        -2.58299
             339    -271.939E-03        -2.03132
             340    -11.3343E-03        -2.23234
             341     241.439E-03        -2.43512
             342    -301.129E-03        -1.88359
             343    -41.1557E-03        -2.08498
             344     216.514E-03        -2.28687
             345    -328.554E-03        -1.73523
             346    -71.4360E-03        -1.93740
             347     188.875E-03        -2.13873
             348    -353.252E-03        -1.58672
             349    -101.218E-03        -1.78995
             350     159.485E-03        -1.99115
             351    -374.265E-03        -1.43857
             352    -129.549E-03        -1.64302
             353     129.294E-03        -1.84451
             354    -390.664E-03        -1.29145
             355    -155.491E-03        -1.49704
             356     99.2340E-03        -1.69916
             357    -401.576E-03        -1.14616
             358    -178.141E-03        -1.35255
             359     70.2068E-03        -1.55547
             360    -406.232E-03        -1.00366
             361    -196.648E-03        -1.21015
             362     43.0693E-03        -1.41385
             363    -404.012E-03    -865.119E-03
             364    -210.247E-03        -1.07061
             365     18.6235E-03        -1.27478
             366    -394.513E-03    -731.854E-03
             367    -218.299E-03    -934.841E-03
             368    -2.40622E-03        -1.13883
             369    -377.612E-03    -605.341E-03
             370    -220.336E-03    -803.898E-03
             371    -19.3958E-03        -1.00666
             372    -353.540E-03    -487.142E-03
             373    -216.116E-03    -678.980E-03
             374    -31.8574E-03    -879.085E-03
             375    -322.927E-03    -378.821E-03
             376    -205.687E-03    -561.387E-03
             377    -39.4787E-03    -757.006E-03
             378    -286.830E-03    -281.825E-03
             379    -189.428E-03    -452.455E-03
             380    -42.1674E-03    -641.437E-03
             381    -246.714E-03    -197.353E-03
             382    -168.084E-03    -353.465E-03
             383    -40.0962E-03    -533.442E-03
             384    -204.380E-03    -126.214E-03
             385    -142.764E-03    -265.533E-03
             386    -33.7328E-03    -434.073E-03
             387    -161.832E-03    -68.7366E-03
             388    -114.888E-03    -189.495E-03
             389    -23.8491E-03    -344.283E-03
             390    -121.123E-03    -24.7059E-03
             391    -86.0957E-03    -125.809E-03
             392    -11.4953E-03    -264.828E-03
             393    -84.1743E-03     6.61990E-03
             394    -58.1059E-03    -74.5013E-03
             395     2.07402E-03    -196.176E-03
             396    -52.6178E-03     26.4417E-03
             397    -32.5728E-03    -35.1684E-03
             398     15.5092E-03    -138.451E-03
             399    -27.6720E-03     36.3182E-03
             400    -10.9472E-03    -7.02870E-03
             401     27.4952E-03    -91.4319E-03
             402    -10.0408E-03     38.0665E-03
             403     5.62566E-03     10.9855E-03
             404     36.8673E-03    -54.6019E-03
             405     195.448E-06     33.7068E-03
             406     16.3650E-03     20.1430E-03
             407     42.6832E-03    -27.2524E-03
             408     3.76969E-03     25.4831E-03
             409     20.8933E-03     21.8878E-03
             410     44.2223E-03    -8.60233E-03
             411     2.53907E-03     15.9343E-03
             412     19.3471E-03     17.9653E-03
             413     40.8936E-03     2.10587E-03
             414    -339.330E-06     7.73080E-03
             415     12.8357E-03     10.7921E-03
             416     32.0834E-03     5.66016E-03
             417    -1.68533E-03     2.49810E-03
             418     4.78409E-03     3.91396E-03
             419     17.2833E-03     3.42883E-03
             420    -133.164E-03        -4.27074
             421    -133.836E-03        -4.25898
             422    -134.562E-03        -4.24694
             423    -135.198E-03        -4.23470
             424    -135.731E-03        -4.22261
             425    -136.241E-03        -4.21055
             426    -136.745E-03        -4.19854
             427    -137.246E-03        -4.18656
             428    -137.745E-03        -4.17461
             429    -138.243E-03        -4.16267
             430    -138.740E-03        -4.15076
             431    -139.237E-03        -4.13887
             432    -139.735E-03        -4.12699
             433    -140.234E-03        -4.11513
             434    -140.735E-03        -4.10330
             435    -141.240E-03        -4.09149
             436    -141.749E-03        -4.07970
             437    -142.268E-03        -4.06796
             438    -142.804E-03        -4.05626
             439    -143.315E-03        -4.04584
             440    -143.878E-03        -4.03532
             441    -144.423E-03        -4.02465
             442    -150.095E-03        -4.27138
             443    -150.507E-03        -4.25929
             444    -151.039E-03        -4.24722
             445    -151.585E-03        -4.23510
             446    -152.094E-03        -4.22310
             447    -152.576E-03        -4.21110
             448    -153.047E-03        -4.19912
             449    -153.513E-03        -4.18716
             450    -153.977E-03        -4.17523
             451    -154.440E-03        -4.16332
             452    -154.903E-03        -4.15142
             453    -155.366E-03        -4.13955
             454    -155.828E-03        -4.12769
             455    -156.289E-03        -4.11585
             456    -156.749E-03        -4.10403
             457    -157.209E-03        -4.09223
             458    -157.668E-03        -4.08046
             459    -158.128E-03        -4.06872
             460    -158.593E-03        -4.05699
             461    -159.020E-03        -4.04640
             462    -159.448E-03        -4.03577
             463    -159.842E-03        -4.02514
             464    -166.774E-03        -4.27193
             465    -167.142E-03        -4.25978
             466    -167.559E-03        -4.24767
             467    -168.008E-03        -4.23558
             468    -168.457E-03        -4.22362
             469    -168.900E-03        -4.21166
             470    -169.337E-03        -4.19971
             471    -169.770E-03        -4.18778
             472    -170.202E-03        -4.17587
             473    -170.632E-03        -4.16398
             474    -171.062E-03        -4.15210
             475    -171.490E-03        -4.14025
             476    -171.918E-03        -4.12841
             477    -172.342E-03        -4.11659
             478    -172.764E-03        -4.10479
             479    -173.183E-03        -4.09301
             480    -173.597E-03        -4.08125
             481    -174.008E-03        -4.06952
             482    -174.414E-03        -4.05780
             483    -174.782E-03        -4.04707
             484    -175.140E-03        -4.03635
             485    -175.473E-03        -4.02565
             486    -183.298E-03        -4.27242
             487    -183.651E-03        -4.26030
             488    -184.022E-03        -4.24820
             489    -184.412E-03        -4.23612
             490    -184.810E-03        -4.22418
             491    -185.212E-03        -4.21225
             492    -185.615E-03        -4.20033
             493    -186.017E-03        -4.18842
             494    -186.418E-03        -4.17653
             495    -186.818E-03        -4.16466
             496    -187.217E-03        -4.15281
             497    -187.615E-03        -4.14097
             498    -188.011E-03        -4.12915
             499    -188.403E-03        -4.11736
             500    -188.792E-03        -4.10558
             501    -189.176E-03        -4.09382
             502    -189.555E-03        -4.08208
             503    -189.928E-03        -4.07036
             504    -190.295E-03        -4.05865
             505    -190.628E-03        -4.04780
             506    -190.952E-03        -4.03697
             507    -191.265E-03        -4.02615
             508    -199.719E-03        -4.27288
             509    -200.064E-03        -4.26081
             510    -200.414E-03        -4.24875
             511    -200.773E-03        -4.23671
             512    -201.136E-03        -4.22478
             513    -201.506E-03        -4.21287
             514    -201.878E-03        -4.20097
             515    -202.252E-03        -4.18908
             516    -202.626E-03        -4.17721
             517    -202.999E-03        -4.16536
             518    -203.372E-03        -4.15353
             519    -203.742E-03        -4.14171
             520    -204.111E-03        -4.12992
             521    -204.476E-03        -4.11814
             522    -204.837E-03        -4.10638
             523    -205.194E-03        -4.09464
             524    -205.546E-03        -4.08292
             525    -205.893E-03        -4.07122
             526    -206.234E-03        -4.05953
             527    -206.549E-03        -4.04856
             528    -206.859E-03        -4.03760
             529    -207.164E-03        -4.02665
             530    -216.073E-03        -4.27334
             531    -216.411E-03        -4.26132
             532    -216.749E-03        -4.24931
             533    -217.091E-03        -4.23731
             534    -217.433E-03        -4.22540
             535    -217.779E-03        -4.21350
             536    -218.128E-03        -4.20162
             537    -218.477E-03        -4.18975
             538    -218.828E-03        -4.17790
             539    -219.177E-03        -4.16607
             540    -219.526E-03        -4.15426
             541    -219.873E-03        -4.14247
             542    -220.218E-03        -4.13069
             543    -220.560E-03        -4.11894
             544    -220.899E-03        -4.10720
             545    -221.235E-03        -4.09548
             546    -221.566E-03        -4.08378
             547    -221.894E-03        -4.07210
             548    -222.219E-03        -4.06043
             549    -222.524E-03        -4.04933
             550    -222.828E-03        -4.03824
             551    -223.132E-03        -4.02715
             552    -232.386E-03        -4.27380
             553    -232.718E-03        -4.26184
             554    -233.049E-03        -4.24987
             555    -233.378E-03        -4.23791
             556    -233.707E-03        -4.22602
             557    -234.036E-03        -4.21415
             558    -234.365E-03        -4.20228
             559    -234.695E-03        -4.19044
             560    -235.025E-03        -4.17861
             561    -235.353E-03        -4.16680
             562    -235.681E-03        -4.15500
             563    -236.007E-03        -4.14323
             564    -236.331E-03        -4.13148
             565    -236.653E-03        -4.11974
             566    -236.974E-03        -4.10803
             567    -237.291E-03        -4.09633
             568    -237.607E-03        -4.08465
             569    -237.921E-03        -4.07299
             570    -238.234E-03        -4.06133
             571    -238.534E-03        -4.05011
             572    -238.836E-03        -4.03889
             573    -239.139E-03        -4.02767
             574    -248.681E-03        -4.27427
             575    -249.007E-03        -4.26235
             576    -249.330E-03        -4.25044
             577    -249.651E-03        -4.23852
             578    -249.968E-03        -4.22666
             579    -250.284E-03        -4.21480
             580    -250.597E-03        -4.20296
             581    -250.910E-03        -4.19113
             582    -251.221E-03        -4.17932
             583    -251.530E-03        -4.16753
             584    -251.837E-03        -4.15576
             585    -252.144E-03        -4.14401
             586    -252.448E-03        -4.13227
             587    -252.752E-03        -4.12056
             588    -253.054E-03        -4.10886
             589    -253.356E-03        -4.09718
             590    -253.658E-03        -4.08552
             591    -253.960E-03        -4.07388
             592    -254.263E-03        -4.06224
             593    -254.560E-03        -4.05089
             594    -254.860E-03        -4.03955
             595    -255.163E-03        -4.02820
             596    -264.973E-03        -4.27474
             597    -265.294E-03        -4.26288
             598    -265.611E-03        -4.25101
             599    -265.923E-03        -4.23914
             600    -266.231E-03        -4.22729
             601    -266.533E-03        -4.21546
             602    -266.832E-03        -4.20364
             603    -267.127E-03        -4.19183
             604    -267.419E-03        -4.18005
             605    -267.709E-03        -4.16827
             606    -267.996E-03        -4.15652
             607    -268.282E-03        -4.14479
             608    -268.566E-03        -4.13307
             609    -268.850E-03        -4.12138
             610    -269.135E-03        -4.10970
             611    -269.420E-03        -4.09804
             612    -269.708E-03        -4.08640
             613    -269.998E-03        -4.07477
             614    -270.291E-03        -4.06315
             615    -270.585E-03        -4.05168
             616    -270.884E-03        -4.04021
             617    -271.187E-03        -4.02874
             618    -118.651E-03        -4.25383
             619    -111.987E-03        -4.26734
             620    -96.8595E-03        -4.27771
             621    -116.258E-03        -4.26323
             622    -102.209E-03        -4.27839
             623    -79.6128E-03        -4.28240
             624    -111.844E-03        -4.27567
             625    -93.7880E-03        -4.28938
             626    -68.7666E-03        -4.27985
             627    -108.744E-03        -4.28956
             628    -90.7307E-03        -4.29631
             629    -64.0077E-03        -4.26814
             630    -110.568E-03        -4.30193
             631    -94.3751E-03        -4.29611
             632    -64.3982E-03        -4.24636
             633    -119.540E-03        -4.30971
             634    -104.668E-03        -4.28663
             635    -68.9287E-03        -4.21387
             636    -136.451E-03        -4.31008
             637    -120.852E-03        -4.26624
             638    -76.4875E-03        -4.17012
             639    -161.014E-03        -4.30066
             640    -141.725E-03        -4.23373
             641    -85.8160E-03        -4.11470
             642    -192.169E-03        -4.27943
             643    -165.764E-03        -4.18825
             644    -95.5368E-03        -4.04746
             645    -228.307E-03        -4.24487
             646    -191.238E-03        -4.12936
             647    -104.246E-03        -3.96855
             648    -267.451E-03        -4.19596
             649    -216.338E-03        -4.05703
             650    -110.628E-03        -3.87842
             651    -307.446E-03        -4.13229
             652    -239.321E-03        -3.97168
             653    -113.557E-03        -3.77784
             654    -346.139E-03        -4.05400
             655    -258.641E-03        -3.87410
             656    -112.170E-03        -3.66776
             657    -381.549E-03        -3.96177
             658    -273.044E-03        -3.76540
             659    -105.902E-03        -3.54925
             660    -411.994E-03        -3.85670
             661    -281.628E-03        -3.64686
             662    -94.4792E-03        -3.42341
             663    -436.182E-03        -3.74017
             664    -283.855E-03        -3.51985
             665    -77.8982E-03        -3.29130
             666    -453.238E-03        -3.61375
             667    -279.529E-03        -3.38572
             668    -56.3891E-03        -3.15391
             669    -462.698E-03        -3.47906
             670    -268.757E-03        -3.24578
             671    -30.3716E-03        -3.01211
             672    -464.471E-03        -3.33767
             673    -251.896E-03        -3.10118
             674    -417.734E-06        -2.86665
             675    -458.782E-03        -3.19102
             676    -229.499E-03        -2.95293
             677     32.7845E-03        -2.71819
             678    -446.107E-03        -3.04042
             679    -202.268E-03        -2.80191
             680     68.4585E-03        -2.56727
             681    -427.113E-03        -2.88700
             682    -171.011E-03        -2.64883
             683     105.761E-03        -2.41437
             684    -402.601E-03        -2.73169
             685    -136.607E-03        -2.49431
             686     143.799E-03        -2.25989
             687    -373.464E-03        -2.57528
             688    -99.9832E-03        -2.33885
             689     181.642E-03        -2.10422
             690    -340.644E-03        -2.41844
             691    -62.0966E-03        -2.18288
             692     218.333E-03        -1.94776
             693    -305.114E-03        -2.26169
             694    -23.9170E-03        -2.02680
             695     252.900E-03        -1.79091
             696    -267.848E-03        -2.10549
             697     13.5813E-03        -1.87099
             698     284.365E-03        -1.63418
             699    -229.816E-03        -1.95025
             700     49.4327E-03        -1.71585
             701     311.767E-03        -1.47813
             702    -191.964E-03        -1.79636
             703     82.6914E-03        -1.56184
             704     334.177E-03        -1.32347
             705    -155.208E-03        -1.64419
             706     112.445E-03        -1.40952
             707     350.735E-03        -1.17105
             708    -120.424E-03        -1.49420
             709     137.840E-03        -1.25951
             710     360.686E-03        -1.02189
             711    -88.4307E-03        -1.34687
             712     158.105E-03        -1.11261
             713     363.431E-03    -877.180E-03
             714    -59.9711E-03        -1.20279
             715     172.593E-03    -969.739E-03
             716     358.586E-03    -738.285E-03
             717    -35.6925E-03        -1.06265
             718     180.820E-03    -831.973E-03
             719     346.042E-03    -606.714E-03
             720    -16.1106E-03    -927.245E-03
             721     182.520E-03    -700.529E-03
             722     326.031E-03    -484.065E-03
             723    -1.57520E-03    -797.507E-03
             724     177.699E-03    -576.732E-03
             725     299.178E-03    -371.953E-03
             726     7.76928E-03    -674.448E-03
             727     166.680E-03    -461.958E-03
             728     266.527E-03    -271.897E-03
             729     12.0273E-03    -559.154E-03
             730     150.142E-03    -357.565E-03
             731     229.540E-03    -185.201E-03
             732     11.5819E-03    -452.722E-03
             733     129.127E-03    -264.786E-03
             734     190.041E-03    -112.812E-03
             735     7.11337E-03    -356.187E-03
             736     105.008E-03    -184.627E-03
             737     150.119E-03    -55.2054E-03
             738    -415.597E-06    -270.441E-03
             739     79.4226E-03    -117.764E-03
             740     111.974E-03    -12.2903E-03
             741    -9.80638E-03    -196.145E-03
             742     54.1592E-03    -64.4702E-03
             743     77.7356E-03     16.6343E-03
             744    -19.7110E-03    -133.674E-03
             745     31.0213E-03    -24.5816E-03
             746     49.2614E-03     32.8797E-03
             747    -28.7355E-03    -83.1023E-03
             748     11.6912E-03     2.50234E-03
             749     27.9148E-03     38.3345E-03
             750    -35.5349E-03    -44.2562E-03
             751    -2.39869E-03     17.8110E-03
             752     14.2950E-03     35.4346E-03
             753    -38.8492E-03    -16.7969E-03
             754    -10.2116E-03     22.8639E-03
             755     7.86702E-03     27.1526E-03
             756    -37.4614E-03    -269.379E-06
             757    -11.4048E-03     19.8958E-03
             758     6.53007E-03     16.9257E-03
             759    -30.1585E-03     6.10802E-03
             760    -7.10976E-03     12.2607E-03
             761     6.63199E-03     8.15464E-03
             762    -16.3277E-03     4.36215E-03
             763    -1.36444E-03     4.50344E-03
             764     4.72797E-03     2.72476E-03