2.356194590055
-0.762414201579
1.579118061792
-0.808501356376
4.920000080000
0.000000000000
5.699999810000
-0.000000000000
-2.627878405858
-1.051530098845
-1.731634852278
-1.001204720263
2.185932238306
2.231976499942
-2.806411488345
1.941462913483
-6.313611510000
-0.000000000000
-5.413611410000
0.000000000000
2.161694492665
-0.774911754086
1.967599043397
-0.786500173777
1.773449069550
-0.797591749901
1.649490475746
-0.868967718389
1.719482513312
-0.930766335086
1.788506522703
-0.995388843628
1.857674601796
-1.063453543871
1.929688350936
-1.133956472376
2.007470066224
-1.204634479816
2.092981077600
-1.272721326050
2.187031733675
-1.335357907693
2.289447634504
-1.389816290324
2.399264891057
-1.433669524390
2.514896304753
-1.464933361774
2.634299713775
-1.482187416894
2.755162236729
-1.484651878765
2.875097869967
-1.472215315980
2.991839325055
-1.445396409148
3.103403226457
-1.405255085734
3.208209536942
-1.353259429101
3.305144408151
-1.291137942446
3.393575537577
-1.220732138039
3.473318377216
-1.143871662755
3.544578394003
-1.062276047331
3.607874377386
-0.977491145929
3.663960422885
-0.890856422227
3.713750927058
-0.803495346714
3.758257566246
-0.716328530045
3.798536795882
-0.630096106279
3.835650406087
-0.545391705159
3.870635361431
-0.462696237409
3.904482978229
-0.382416201140
3.938122292108
-0.304916943901
3.972407697382
-0.230556908940
4.008105733222
-0.159714680379
4.045881176882
-0.092813291664
4.086280474481
-0.030337979611
4.129709942760
0.027156859955
4.176412450407
0.079048536167
4.226443246138
0.124662645462
4.279648774250
0.163306908711
4.335656666522
0.194317045403
4.393884365473
0.217120842310
4.453573938731
0.231303522930
4.513856015702
0.236667574129
4.573833915204
0.233259547331
4.632671914164
0.221362190300
4.689660785079
0.201443559146
4.744229133422
0.174074403396
4.795872624800
0.139834297555
4.843918170214
0.099214648011
4.886847457969
0.052533913606
5.114999770000
0.000000000000
5.309999940000
0.000000000000
5.505000110000
0.000000000000
5.633759582594
0.064031003274
5.568180708777
0.129255503086
5.503996764440
0.197140395483
5.440252673501
0.268418311682
5.374392266166
0.342442276802
5.303484571646
0.417427524144
5.225360177241
0.491053831860
5.138835206062
0.560789621136
5.043599923531
0.624072407405
4.940093079039
0.678452752181
4.829400165789
0.721734535533
4.713152662878
0.752115593350
4.593396239578
0.768311981791
4.472428182042
0.769647844375
4.352607399991
0.756088038369
4.236167073174
0.728208727834
4.125051493600
0.687108230466
4.020800984937
0.634280511108
3.924488397457
0.571466936640
3.836709656921
0.500510369487
3.757616399521
0.423234322458
3.686976803093
0.341346714175
3.624251448278
0.256379048421
3.568672138679
0.169652961254
3.519314828079
0.082276847309
3.475162995617
-0.004843690388
3.435158358596
-0.090980073098
3.398240288497
-0.175549070565
3.363374584057
-0.258076194691
3.329574119685
-0.338159945943
3.295914850319
-0.415435724012
3.261548778457
-0.489545433743
3.225716582768
-0.560107225051
3.187761390960
-0.626694427803
3.147147234278
-0.688817018077
3.103479122798
-0.745915949569
3.056527145781
-0.797364769810
3.006251791928
-0.842489537175
2.952822032021
-0.880600195364
2.896625646010
-0.911043459922
2.838256418563
-0.933264012336
2.778478131600
-0.946871392212
2.718157371731
-0.951694078330
2.658182093749
-0.947802876609
2.599381121641
-0.935491135067
2.542486212826
-0.915208959212
2.488176916919
-0.887459292249
2.437311604861
-0.852664695272
2.391639757812
-0.811017536051
-2.404047115582
-1.040494514304
-2.180157859316
-1.027994444657
-1.956015661718
-1.014745687447
-1.510909396682
-0.988085003722
-1.290194246421
-0.975060533648
-1.069476494329
-0.962084639803
-0.848753428688
-0.949142648992
-0.628025235423
-0.936227875007
-0.407293224810
-0.923336805678
-0.186559054423
-0.910467586927
0.034175396891
-0.897619423659
0.254908143104
-0.884792355834
0.475637005748
-0.871987296114
0.696359407047
-0.859206338685
0.917072503221
-0.846453466642
1.137773189939
-0.833736202588
1.358457656086
-0.821070367938
2.339813319827
-0.463850774534
2.323278038497
-0.164489112252
2.306437904432
0.135069681792
2.289404444682
0.434678105649
2.272252208811
0.734283215995
2.255028082754
1.033867605970
2.237763691797
1.333425820253
2.220482138472
1.632958677964
2.203200999582
1.932472675991
1.968901356838
2.219464764308
1.751865855924
2.206960306763
1.534822635148
2.194458995350
1.317770550972
2.181955503649
1.100709817525
2.169444784639
0.883641139477
2.156922569103
0.666566147787
2.144385562260
0.449486257083
2.131831320645
0.232403135015
2.119258173885
0.015318352139
2.106665083028
-0.201766724821
2.094051519144
-0.418850721463
2.081417381385
-0.635932456696
2.068762921953
-0.853010711842
2.056088734269
-1.070084415290
2.043395760966
-1.287152402270
2.030685373154
-1.504213488550
2.017959472001
-1.721266793916
2.005220595113
-1.938311261299
1.992472046348
-2.155346790595
1.979717792439
-2.372373813709
1.966962342503
-2.589394120952
1.954209925538
-2.788825182840
1.641977364874
-2.771246784058
1.342481795767
-2.753665375024
1.042969420505
-2.736063849611
0.743437553521
-2.718421048027
0.443891433616
-2.700711233853
0.144346580706
-2.682902963323
-0.155161934568
-2.664958287723
-0.454548817768
-2.646816537046
-0.753601636414
-2.665385162074
-1.102594565321
-2.715522776130
-1.146874931760
-2.772084667097
-1.183726211207
-2.832738671509
-1.212820126107
-2.896360830302
-1.233720647553
-2.962125043873
-1.245937152320
-3.029203651121
-1.249036991921
-3.096698294701
-1.242740931139
-3.163665310405
-1.226982083740
-3.229184446766
-1.201925928284
-3.292432229964
-1.167951716322
-3.352745285069
-1.125609447831
-3.409659122678
-1.075561740258
-3.462926945174
-1.018526866393
-3.512516515346
-0.955228028646
-3.558597466132
-0.886356481613
-3.601519756012
-0.812547848410
-3.641789830592
-0.734371689119
-3.680049891782
-0.652332853232
-3.717056101933
-0.566881107026
-3.753662897350
-0.478430308679
-3.790807264705
-0.387382792656
-3.829494333550
-0.294155549845
-3.870782315278
-0.199216060770
-3.915763590001
-0.103113213850
-3.965541168439
-0.006513849448
-4.021197180421
0.089762239630
-4.083751489625
0.184716284865
-4.154109986290
0.277145497042
-4.233002433986
0.365638694289
-4.320911064842
0.448582574124
-4.417996734473
0.524199504455
-4.524026205915
0.590606138345
-4.638316769516
0.645909551315
-4.759701965335
0.688324748588
-4.886539726831
0.716320502465
-5.016764405190
0.728766972060
-5.147994263434
0.725081972028
-5.277686511070
0.705345592554
-5.403331536175
0.670371712270
-5.522677530579
0.621722337404
-5.633960842092
0.561655475091
-5.736155014768
0.493006906281
-5.829237135130
0.419004976054
-5.914485786548
0.343007575178
-5.994629537766
0.268124789372
-6.073267667022
0.196617805361
-6.152923493941
0.129022132811
-6.233592040848
0.064059045776
-6.088611600000
0.000000000000
-5.863611700000
0.000000000000
-5.638611320000
0.000000000000
-5.374628740183
0.048157340105
-5.322303520719
0.088489683230
-5.263520050910
0.120695390577
-5.200912933029
0.144658204762
-5.135758054320
0.160071715179
-5.068976996423
0.166549947454
-5.001460822411
0.163773429860
-4.934134302594
0.151589100655
-4.867923284570
0.130061226783
-4.803687703722
0.099478042068
-4.742153366992
0.060316484610
-4.683862774941
0.013194632605
-4.629147583981
-0.041191659725
-4.578122566161
-0.102118559902
-4.530695284125
-0.168882007795
-4.486583885489
-0.240822822886
-4.445340955934
-0.317346722538
-4.406375226400
-0.397923757576
-4.368973051649
-0.482085018114
-4.332316718322
-0.569404775608
-4.295500085129
-0.659479841015
-4.257543108449
-0.751902384146
-4.217406540273
-0.846228984806
-4.174008913497
-0.941947038649
-4.126248042890
-1.038439777262
-4.073029319078
-1.134951791517
-4.013302852346
-1.230557378218
-3.946111060110
-1.324136647508
-3.870647051037
-1.414360045030
-3.786321902579
-1.499691737998
-3.692839256227
-1.578413310727
-3.590268004022
-1.648674493635
-3.479106849128
-1.708573675037
-3.360325301252
-1.756267299395
-3.235374537656
-1.790103815198
-3.106150126520
-1.808769426741
-2.974906615345
-1.811431478682
-2.844122172280
-1.797860054295
-2.716319916705
-1.768507010638
-2.593866379924
-1.724534182109
-2.478762195868
-1.667776593350
-2.372439409783
-1.600651316799
-2.275563211572
-1.526009101535
-2.187822979299
-1.446941590857
-2.107707985881
-1.366528509592
-2.032418407539
-1.287503967678
-1.958442424954
-1.211755779992
-1.883366785125
-1.139637325419
-1.807221401160
-1.069962859647
2.211693182880
-0.839272256166
2.031078830825
-0.851191721279
1.843490120776
-0.860650454323
2.264929270761
-0.901731660067
2.091457751550
-0.918885924536
1.910797904696
-0.926561916836
2.324264124446
-0.957953113204
2.153823124220
-0.986371445565
1.976948499715
-0.995397270286
2.389087920672
-1.006412228061
2.221377852123
-1.049962808913
2.045189227905
-1.065178640973
2.458649860435
-1.046195642390
2.295066475542
-1.107083927082
2.118526351437
-1.132993056367
2.532174217988
-1.076485855189
2.374812880998
-1.155856000144
2.198632381389
-1.196075171947
2.608710759427
-1.096536466445
2.459975983691
-1.194776732052
2.285995581850
-1.251994739067
2.687083905407
-1.105775254799
2.549483506394
-1.222630719595
2.380229317162
-1.298639705564
2.765941591908
-1.103909567608
2.641915291367
-1.238518935341
2.480289904617
-1.334230906183
2.843866341028
-1.090995818990
2.735609059193
-1.241929504572
2.584641654397
-1.357388101445
2.919507810752
-1.067443435984
2.828797952170
-1.232786608786
2.691406708006
-1.367207319737
2.991702702957
-1.033969500723
2.919762465025
-1.211457312229
2.798532835208
-1.363318143189
3.059557889919
-0.991512053196
3.006968435120
-1.178705127075
2.903962826487
-1.345895339596
3.122492848698
-0.941135118780
3.089176756012
-1.135601820524
3.005800792210
-1.315617333028
3.180242011759
-0.883934888791
3.165504351343
-1.083418884537
3.102442246247
-1.273578176112
3.232832020086
-0.820967843814
3.235445594405
-1.023514308819
3.192666264710
-1.221167520813
3.280541599572
-0.753197886560
3.298854095482
-0.957236232930
3.275674786320
-1.159940797626
3.323855272625
-0.681468411345
3.355900537185
-0.885846138123
3.351088271021
-1.091498597733
3.363421039775
-0.606494205672
3.407019594719
-0.810472012276
3.418910176440
-1.017384310150
3.400009717714
-0.528866712495
3.452851119662
-0.732082585938
3.479466730522
-0.939014000542
3.434485450504
-0.449074307086
3.494188303849
-0.651485860979
3.533341231843
-0.857630711649
3.467780360663
-0.367526986411
3.531931747092
-0.569340337045
3.581307216370
-0.774289012164
3.500877466390
-0.284590107873
3.567054012878
-0.486179338587
3.624269625623
-0.689855917552
3.534794748696
-0.200618059497
3.600571977309
-0.402443181645
3.663215393043
-0.605031377493
3.570572651302
-0.115993461547
3.633526225733
-0.318512739536
3.699175374936
-0.520374500160
3.609257784614
-0.031163382759
3.666965483514
-0.234749229297
3.733196224935
-0.436339752349
3.651883270768
0.053321291536
3.701931444345
-0.151530653320
3.766319229446
-0.353312646269
3.699440402866
0.136773278148
3.739443518670
-0.069291633425
3.799564713297
-0.271648508437
3.752841761344
0.218337715942
3.780478176446
0.011442874919
3.833918643255
-0.191710751122
3.812872564366
0.296976080187
3.825942644740
0.090024290322
3.870317625743
-0.113904793194
3.880132414112
0.371458520701
3.876639485258
0.165656314035
3.909631570823
-0.038712242390
3.954969403130
0.440381831889
3.933221807515
0.237383115928
3.952639570378
0.033283954313
4.037412658684
0.502209987238
3.996140806685
0.304088136325
3.999999612370
0.101378341368
4.127114161147
0.555346459525
4.065588752542
0.364517952440
4.052210360949
0.164737043840
4.223308291205
0.598229928218
4.141443576318
0.417330611667
4.109566909655
0.222403462178
4.324806534344
0.629456772338
4.223225016775
0.461166366150
4.172115034465
0.273325514680
4.430035564516
0.647909442949
4.310075912820
0.494746484564
4.239610613934
0.316406982205
4.537124742225
0.652877905843
4.400777235027
0.516984749412
4.311492664219
0.350577262964
4.644035771367
0.644145653469
4.493809530867
0.527100727866
4.386883445968
0.374884247684
4.748724141668
0.622030957019
4.587456256179
0.524708766027
4.464626191647
0.388594884020
4.849308468123
0.587370425123
4.679944248049
0.509869642371
4.543363921493
0.391282692222
4.944220619104
0.541449962246
4.769596322471
0.483086090824
4.621658822499
0.382886289870
5.032331934911
0.485905346481
4.854974033343
0.445246780976
4.698129963177
0.363713497754
5.113053266398
0.422620221596
4.934981802610
0.397533262683
4.771581929219
0.334387968366
5.186444639522
0.353654491624
5.008932652891
0.341329386684
4.841085755845
0.295744413520
5.253377490898
0.281230117441
5.076590803604
0.278182090333
4.905989215995
0.248708323132
5.315781449941
0.207753337680
5.138268390092
0.209883647571
4.965833140930
0.194205782307
5.376728675401
0.135657203597
5.195235898898
0.138749006309
5.020198719678
0.133205861942
5.439333457357
0.066481169508
5.250851916586
0.067935665499
5.068843815824
0.067189198746
-2.422794135912
-0.740642915801
-2.199318738230
-0.727927471204
-1.975882579993
-0.714922226941
-1.752350749156
-0.701711511762
-1.532014981019
-0.688670560692
-1.311655324774
-0.675675682987
-1.091288960833
-0.662723552355
-0.870919198749
-0.649804112783
-0.650547049996
-0.636911226949
-0.430173354326
-0.624041419828
-0.209798792715
-0.611192782682
0.010575914285
-0.598364421540
0.230949975596
-0.585556220039
0.451322521260
-0.572768826913
0.671692701976
-0.560003846122
0.892059308195
-0.547264307989
1.112420516061
-0.534555494567
1.332773242020
-0.521886242609
1.553109157396
-0.509269398718
1.749778754819
-0.498038386678
1.946397880513
-0.486721462918
2.143031439951
-0.475270880025
-2.441821751038
-0.441363803399
-2.218820441406
-0.428301825593
-1.995942233987
-0.415271932541
-1.773077054662
-0.402185832599
-1.553105258059
-0.389243792229
-1.333107079736
-0.376302835981
-1.113097247485
-0.363383296467
-0.893082899221
-0.350488821522
-0.673066696746
-0.337618074871
-0.453049606882
-0.324769301640
-0.233031846388
-0.311941236492
-0.013013448749
-0.299133203902
0.207005722258
-0.286345083435
0.427025892222
-0.273577329552
0.647047277660
-0.260831071674
0.867069982982
-0.248108270916
1.087094000077
-0.235411800593
1.307118305613
-0.222744991086
1.527140378067
-0.210108437413
1.726140576743
-0.198691656424
1.925140449457
-0.187252985368
2.124173151557
-0.175811320507
-2.460574888706
-0.141983192049
-2.238284143702
-0.128871983578
-2.016043000763
-0.115801252786
-1.793835369748
-0.102746780615
-1.574194081080
-0.089846177208
-1.354547267021
-0.076949050561
-1.134894112740
-0.064063497339
-0.915237411263
-0.051195771891
-0.695579106466
-0.038348173402
-0.475919904534
-0.025521046947
-0.256259828509
-0.012714184927
-0.036598476873
0.000072606343
0.183064814834
0.012839294653
0.402730848686
0.025585526617
0.622400435416
0.038310571101
0.842074444334
0.051013329423
1.061753545719
0.063692508686
1.281438086343
0.076347319812
1.501128291686
0.088979436912
1.702429403137
0.100539648592
1.903741270537
0.112093010077
2.105076062455
0.123619872186
-2.479157687588
0.157456024040
-2.257610797041
0.170535890625
-2.036082069851
0.183588797050
-1.814572187727
0.196619460363
-1.595270102808
0.209503622360
-1.375972996825
0.222375148164
-1.156676796433
0.235233489704
-0.937379957117
0.248076033359
-0.718082504075
0.260900455352
-0.498784260789
0.273705479532
-0.279484957745
0.286490522543
-0.060183919882
0.299255307698
0.159119697933
0.311999608326
0.378426858747
0.324723127320
0.597738597021
0.337425463009
0.817055838945
0.350106159325
1.036379331919
0.362764914643
1.255709740681
0.375402060803
1.475047654521
0.388019326340
1.678623085196
0.399713813572
1.882207739370
0.411394538093
2.085803187628
0.423053075877
-2.497628124604
0.456921241253
-2.276832651827
0.469944793099
-2.056042403967
0.482955123080
-1.835260446940
0.495948886191
-1.616316295178
0.508817726435
-1.397378291518
0.521670423521
-1.178443550123
0.534507280105
-0.959510275928
0.547327462971
-0.740577247543
0.560129655087
-0.521643731492
0.572912661157
-0.302709064635
0.585675643342
-0.083772516808
0.598418067866
0.135166732903
0.611139591543
0.354109550755
0.623839986746
0.573056791731
0.636519133122
0.792009266613
0.649177091369
1.010967379563
0.661814258332
1.229931686688
0.674431681029
1.448902031636
0.687031285902
1.654734949047
0.698860321174
1.860572847607
0.710677669168
2.066413879243
0.722483708588
-2.516026295935
0.756393851635
-2.295984241769
0.769356409902
-2.075942012957
0.782315359893
-1.855902097631
0.795264229695
-1.637329672787
0.808113158419
-1.418760825201
0.820946577978
-1.200194440426
0.833763440082
-0.981629506469
0.846562796591
-0.763064858424
0.859343640574
-0.544499780125
0.872104978391
-0.325933487310
0.884845997093
-0.107365382538
0.897566107472
0.111205207518
0.910264957900
0.329778846647
0.922942419928
0.548356064557
0.935598625400
0.766937310995
0.948234051691
0.985522855344
0.960849664519
1.204112587882
0.973447098494
1.422706021506
0.986028820837
1.630787107738
0.997993551503
1.838869527883
1.009950745488
2.046951237036
1.021905466860
-2.534381220343
1.055862385255
-2.315093323957
1.068766648340
-2.095802849368
1.081672665789
-1.876511454769
1.094573306866
-1.658318081785
1.107398977645
-1.440125231291
1.120210976494
-1.221932838348
1.133007036454
-1.003740523462
1.145785540717
-0.785547761387
1.158545241545
-0.567354080488
1.171285125743
-0.349159023188
1.184004396854
-0.130962216127
1.196702488834
0.087236624567
1.209379091045
0.305437723667
1.222034186554
0.523641282281
1.234668117808
0.741847300216
1.247281678303
0.960055643546
1.259876256564
1.178265935567
1.272453991342
1.396477519569
1.285017918412
1.606802359100
1.297118397802
1.817126215002
1.309214762593
2.027447412848
1.321313774572
-2.552716127213
1.355321059395
-2.334182441577
1.368171643151
-2.115645346339
1.381026039758
-1.897104912403
1.393877781142
-1.679293896577
1.406678542120
-1.461480668477
1.419467382021
-1.243665489519
1.432241314250
-1.025848465795
1.444998164042
-0.808029607149
1.457736347290
-0.590208874512
1.470454702343
-0.372386349525
1.483152383222
-0.154562078132
1.495828832200
0.063263801571
1.508483780219
0.281091037036
1.521117288735
0.498919356461
1.533729832266
0.716748372943
1.546322404037
0.934577648273
1.558896660017
1.152406432051
1.571455058263
1.370234012480
1.584001024082
1.582801370234
1.596236445515
1.795365655245
1.608469713816
2.007925944016
1.620707522049
-2.571049412347
1.654769673666
-2.353270966467
1.667570399298
-2.135487783000
1.680375004155
-1.917699355647
1.693178130063
-1.700271581852
1.705953256178
-1.482838912406
1.718717737664
-1.265401652101
1.731468299494
-1.047960211147
1.744202479133
-0.830515215181
1.756918465712
-0.613067102267
1.769614969515
-0.395616461055
1.782291086630
-0.178163904505
1.794946243476
0.039289894572
1.807580183923
0.256744222200
1.820193005519
0.474198167599
1.832785225597
0.691650965238
1.845357910751
0.909101618380
1.857912791218
1.126549118369
1.870452422058
1.343992612753
1.882980330354
1.558802237299
1.895349732713
1.773606802452
1.907717620620
1.988405939143
1.920089996971
-2.032487668959
-1.086030132543
-2.250851370204
-1.100814200077
-2.459814739074
-1.112464834871
-2.106119576233
-1.159772920696
-2.316611526874
-1.176594158407
-2.517609441511
-1.182154814273
-2.177379769598
-1.236700689475
-2.383307955845
-1.252531360682
-2.582167464192
-1.244843223626
-2.249564877902
-1.315314842651
-2.455358076001
-1.324659796376
-2.653021163231
-1.298742655276
-2.326458690451
-1.392708329448
-2.534226970901
-1.389988080614
-2.729227975709
-1.342921972743
-2.410445066008
-1.465841655819
-2.619939321860
-1.446360833228
-2.809832658804
-1.376630653385
-2.502447397489
-1.531948682504
-2.711814009036
-1.492125042241
-2.893762076212
-1.399201298563
-2.602298593266
-1.588604308871
-2.808711099407
-1.525981861881
-2.979765946696
-1.410124025254
-2.709045976443
-1.633754020839
-2.909143878977
-1.546975078222
-3.066446790005
-1.409141014054
-2.821165567259
-1.665775591973
-3.011387267595
-1.554537882858
-3.152351959553
-1.396312017032
-2.936737727972
-1.683548025158
-3.113603444999
-1.548533474449
-3.236086980302
-1.372026303184
-3.053622019620
-1.686505367269
-3.213984132451
-1.529262704508
-3.316424486655
-1.336969272959
-3.169630951699
-1.674647742168
-3.310881698374
-1.497425602322
-3.392383792160
-1.292052850366
-3.282696574420
-1.648507124441
-3.402917409340
-1.454047413647
-3.463278842049
-1.238332267090
-3.391007510162
-1.609067282099
-3.489049547288
-1.400379441990
-3.528729960191
-1.176920369757
-3.493110163075
-1.557654507394
-3.568605053557
-1.337795027433
-3.588651847533
-1.108917048344
-3.587963097155
-1.495813461170
-3.641274417664
-1.267692677505
-3.643222471331
-1.035353251038
-3.674949297488
-1.425185158499
-3.707080371448
-1.191416989688
-3.692842976366
-0.957156177248
-3.753854781513
-1.347402800022
-3.766333144632
-1.110202286187
-3.738097861415
-0.875132483393
-3.824820544051
-1.264008570369
-3.819575836064
-1.025138774973
-3.779714794790
-0.789967256744
-3.888283644195
-1.176398027903
-3.867533232275
-0.937159359476
-3.818532665220
-0.702235170640
-3.944912558962
-1.085789475631
-3.911063994377
-0.847043463486
-3.855474054528
-0.612420994395
-3.995546885627
-0.993214996565
-3.951121459445
-0.755432178794
-3.891524631027
-0.520946613618
-4.041143241686
-0.899528687254
-3.988721694139
-0.662854993427
-3.927715350300
-0.428201313540
-4.082731759616
-0.805426982463
-4.024919526540
-0.569759602172
-3.965109146178
-0.334578547485
-4.121381451685
-0.711477208300
-4.060789635189
-0.476546301686
-4.004785323578
-0.240508022401
-4.158174068173
-0.618150895402
-4.097411384377
-0.383605282749
-4.047823551289
-0.146495788314
-4.194184346865
-0.525859391869
-4.135853537652
-0.291350883349
-4.095280912144
-0.053155159231
-4.230464276927
-0.434989977891
-4.177158141018
-0.200258419980
-4.148163562737
0.038757393812
-4.268028977046
-0.345941395764
-4.222320071948
-0.110898851282
-4.207387838026
0.128320589807
-4.307841176767
-0.259155804484
-4.272259548759
-0.023964306457
-4.273733003505
0.214427967950
-4.350793647599
-0.175151320524
-4.327787978015
0.059705930187
-4.347784250949
0.295790039294
-4.397684858232
-0.094542881392
-4.389564936779
0.139117642374
-4.429869791729
0.370946922965
-4.449190996182
-0.018063350257
-4.458049008551
0.213120232812
-4.519997926600
0.438312141983
-4.505829262117
0.053433250234
-4.533444280958
0.280431444238
-4.617800226140
0.496237026376
-4.567918624119
0.118977159975
-4.615648894703
0.339675850539
-4.722491701712
0.543101897267
-4.635538923399
0.177505453785
-4.704215051842
0.389454137729
-4.832862597868
0.577432231114
-4.708494476167
0.227908002435
-4.798326301983
0.428425564291
-4.947303242678
0.598021030178
-4.786289625441
0.269086096029
-4.896807684870
0.455412325095
-5.063879278272
0.604054602358
-4.868127260972
0.300032955057
-4.998169679790
0.469499184339
-5.180445018501
0.595214098466
-4.952934612364
0.319914713154
-5.100694762009
0.470126680336
-5.294800128402
0.571747522357
-5.039426558652
0.328149851104
-5.202554420199
0.457151083066
-5.404863987856
0.534493472083
-5.126196136480
0.324457083655
-5.301943687768
0.430866041090
-5.508870369893
0.484866856447
-5.211824539965
0.308865901398
-5.397217915409
0.391990835791
-5.605570397472
0.424817238988
-5.294972794219
0.281668664036
-5.487010430422
0.341648341678
-5.694491438115
0.356794514028
-5.374423233110
0.243336787104
-5.570366538180
0.281401287331
-5.776299817481
0.283741253805
-5.449018034532
0.194446023563
-5.647016335388
0.213447336497
-5.853246831345
0.209043917080
-5.517539494048
0.135787876283
-5.718197584408
0.141047666771
-5.929159099916
0.136072583032
-5.579177139853
0.069169068554
-5.788350427553
0.068765939586
-6.007448155939
0.066646680451
